0.000000000000000000e+00 1.258632864272302413e+03 1.354025312230545204e-04 2.549183733099456335e-06 3.768934772813645410e-06 2.184423741293384756e-03 5.871672117462453319e-05 1.460913350550182011e-01 1.300989880560483441e-06 3.042834021655962397e-07 7.301473640604936143e-08 1.023924995935434501e-09 4.564801630206526210e-06 3.999056883459235285e-05 2.020226967476624821e-03 1.243845254973817843e-01 1.761100870746759049e-08 3.136679166811905636e-06 3.556484651185641337e-10 8.279132411195130138e-06 2.143821843796602502e-08 2.087314971659711718e-06 1.115815593890705698e-08 4.180489591610388538e-07 7.246007034159109850e-01 7.992731443013540275e-26 4.578000716210678151e-04 2.961169363851740814e-07 4.534194653806485443e-08 5.624856321293735299e-13
9.999999999998898659e-04 1.260636721005108484e+03 1.300876773384975491e-04 2.924082083139524115e-06 4.581824082376121400e-06 1.985708282850926366e-03 7.008797011940276012e-05 1.461619632716186223e-01 1.194681502476712469e-06 3.934100856575979636e-07 6.466917922788466787e-08 9.123182956999032245e-10 3.434506534784061224e-06 2.881527131952749474e-05 1.869924370089082665e-03 1.246747546340692958e-01 1.524045721879740113e-08 2.372637532815231668e-06 2.449699460321122786e-10 3.989591255478830298e-06 1.110524452650171476e-08 8.902811280399728786e-07 5.717942601024947303e-09 1.943421452012235597e-07 7.246009162122253322e-01 7.984742706604455001e-26 4.573720547777588240e-04 2.500450204095321513e-07 4.696347304376018734e-08 6.365177317521688098e-13
1.999999999999779732e-03 1.262418300470128315e+03 1.257985421534843691e-04 3.051782074637057431e-06 4.906481659910870447e-06 1.822255703807226963e-03 7.592090806866228848e-05 1.462129112394279784e-01 1.095932935889980376e-06 4.381712561389459236e-07 5.645280700253657650e-08 8.003263569648573878e-10 2.799554104009462426e-06 2.294494588909377526e-05 1.707534338520115503e-03 1.249576666458124541e-01 1.292163605268042463e-08 1.915510818658393820e-06 1.826206426614424471e-10 1.768785369338033572e-06 5.961303477436300799e-09 4.619576702699165319e-07 3.464533595420438345e-09 1.156564794237088732e-07 7.246011286279424590e-01 7.976761954938745017e-26 4.569292370567189427e-04 2.273296074998697856e-07 4.886545089407635544e-08 6.681847626795857467e-13
2.999999999999669598e-03 1.263844945694782837e+03 1.222944041830013092e-04 2.937665235346492426e-06 4.687664805035461189e-06 1.703140620129804834e-03 7.563124847598090138e-05 1.462506323542590581e-01 1.013518796028644867e-06 4.299477261974549920e-07 5.249358662526421745e-08 7.459252366626509177e-10 2.622613414171568906e-06 2.114369015865969783e-05 1.567387141013794121e-03 1.251867738620674742e-01 1.149437331654178263e-08 1.751065179199816612e-06 1.576450553107632403e-10 9.355518375016345930e-07 4.283881231693042875e-09 3.588011383598782089e-07 2.887362540957930144e-09 9.957255609804638478e-08 7.246013409912812619e-01 7.968789180035646271e-26 4.564770831982222377e-04 2.196242216929663787e-07 5.051689047542412137e-08 6.586845146356718511e-13
3.999999999999559464e-03 1.264907729950257817e+03 1.193359301749414338e-04 2.703056802836275846e-06 4.196857530642723831e-06 1.621855704270329509e-03 7.175645469380481992e-05 1.462802329901083942e-01 9.486828692435116228e-07 3.920955667416140125e-07 5.154923397579088090e-08 7.328176085561209426e-10 2.709667126650803412e-06 2.157562170636077961e-05 1.462254253656199848e-03 1.253511630945904620e-01 1.072756474647607781e-08 1.753545816545829505e-06 1.518784292146018650e-10 7.138569047641379688e-07 4.149231515458219573e-09 3.817481998541792240e-07 3.034002589969510356e-09 1.107275405485676364e-07 7.246015534825294147e-01 7.960824373922393585e-26 4.560198765081435713e-04 2.203843677198235585e-07 5.162368182637169654e-08 6.257067952120598410e-13
4.999999999999449329e-03 1.265652634228972147e+03 1.169080273605815597e-04 2.438527650558434592e-06 3.648039291182871836e-06 1.569736572898661198e-03 6.642504155394827244e-05 1.463029361146971907e-01 8.996334911178447036e-07 3.446203340680147526e-07 5.176746421504922974e-08 7.356037135134523474e-10 2.928874047843684213e-06 2.317005343330440188e-05 1.388890719754872502e-03 1.254608014246508529e-01 1.026393854302824839e-08 1.834393728443323149e-06 1.551007930962372411e-10 7.494031790735422241e-07 4.712588974389381726e-09 4.739387176788439929e-07 3.553389021005559679e-09 1.390368079319569380e-07 7.246017661006274313e-01 7.952867528634179324e-26 4.555597378005629065e-04 2.263687991867758395e-07 5.218250714392158805e-08 5.833322282461000426e-13
5.999999999999339195e-03 1.266134535524729017e+03 1.150488505044562778e-04 2.183290336634850783e-06 3.131713505735578431e-06 1.540226085290485620e-03 6.068584036431379393e-05 1.463187315274238898e-01 8.638243126780490140e-07 2.969252054135631709e-07 5.216285117081207266e-08 7.406552523718985718e-10 3.217903969028325239e-06 2.547780172250338780e-05 1.340074837629484346e-03 1.255289336789183197e-01 9.917161961609426863e-09 1.952467725239903943e-06 1.630786607974276975e-10 9.288233438751624666e-07 5.682759069846400958e-09 6.252785248728283735e-07 4.332178718772791442e-09 1.832640569549335995e-07 7.246019787748188001e-01 7.944918636214153399e-26 4.550974876887093593e-04 2.363223455174692334e-07 5.230308977777865384e-08 5.386358306673261124e-13
6.999999999999229061e-03 1.266400020464343015e+03 1.137664058373279039e-04 1.949104585568456634e-06 2.673673247890405228e-06 1.528856952883672236e-03 5.496598836836469044e-05 1.463276283443072923e-01 8.388259829692896966e-07 2.524425050516208716e-07 5.228941067253198823e-08 7.417847393733609703e-10 3.548719281990600759e-06 2.834517536375451386e-05 1.309489180364147715e-03 1.255660793726117441e-01 9.604910969895734767e-09 2.090368728528180088e-06 1.741379307368925947e-10 1.226310825039795304e-06 6.956810569662647151e-09 8.415423924946388111e-07 5.336750749964780338e-09 2.456746272362962567e-07 7.246021914297134936e-01 7.936977688713439340e-26 4.546332965115973618e-04 2.499835434049657178e-07 5.210401827894847719e-08 4.944754924911679814e-13
7.999999999999118927e-03 1.266483937790781965e+03 1.130405333343841316e-04 1.737063097482024774e-06 2.275729962035779232e-06 1.532676127400188666e-03 4.942619674276124692e-05 1.463297671314870707e-01 8.226090550694851752e-07 2.121796664700939328e-07 5.193215105815541926e-08 7.360106214911906428e-10 3.907231431044790921e-06 3.174837772357526556e-05 1.292502731736939981e-03 1.255795627365765277e-01 9.288692718666204994e-09 2.240623961288262866e-06 1.875772073385897465e-10 1.646327884305823310e-06 8.488679909448160833e-09 1.136286722505605547e-06 6.559999515405102711e-09 3.306204352593731566e-07 7.246024040032165159e-01 7.929044678191074600e-26 4.541669818313776898e-04 2.676306091277551279e-07 5.168356337840086290e-08 4.517852783450014541e-13
8.999999999999008793e-03 1.266410684430762103e+03 1.128400900389401002e-04 1.545136354713027028e-06 1.932898368137895441e-06 1.549777460444801223e-03 4.413039720269152700e-05 1.463252999915640173e-01 8.135392108047694548e-07 1.763211297126472783e-07 5.097873969431226722e-08 7.217842344799116468e-10 4.284169297703679720e-06 3.572455024749279843e-05 1.285851597920353384e-03 1.255743119470038582e-01 8.949369024222051711e-09 2.399890558701586740e-06 2.030332798420685275e-10 2.204581713976166593e-06 1.024266208794439608e-08 1.528577043718208673e-06 7.999966894470808676e-09 4.441703794175675871e-07 7.246026164471989217e-01 7.921119596714044992e-26 4.536981408382365186e-04 2.898793069561477012e-07 5.111821083369985025e-08 4.107757418625083996e-13
9.999999999998898659e-03 1.266196731875209935e+03 1.131336675848953663e-04 1.371175715875752229e-06 1.639551084140373425e-06 1.578947397890792395e-03 3.911990276124358359e-05 1.463143178131967870e-01 8.103145672246590825e-07 1.448538972547814008e-07 4.938313684147593787e-08 6.984890173395851237e-10 4.670890807704644844e-06 4.033934176606039288e-05 1.287210766585431421e-03 1.255536683499069717e-01 8.579429080578768402e-09 2.566601828474750936e-06 2.202153848949351713e-10 2.920147198062166825e-06 1.217357449098091928e-08 2.041681046050190869e-06 9.647476086226762715e-09 5.938556203885607924e-07 7.246028287244533628e-01 7.913202436357274363e-26 4.532262244044218979e-04 3.175696739686611966e-07 5.046731850437787836e-08 3.715143304959983916e-13
1.099999999999878852e-02 1.265853390161569223e+03 1.138926150928964976e-04 1.213962388593098484e-06 1.391095884445882386e-06 1.619372433970769909e-03 3.444313068018569599e-05 1.462968597968143103e-01 8.118675517478549581e-07 1.177581576230319495e-07 4.717009769107362723e-08 6.665063101033411312e-10 5.057589884910844826e-06 4.566455073910007860e-05 1.294868633436850516e-03 1.255199927340368005e-01 8.181497435925218653e-09 2.740053998173915795e-06 2.387757472180930272e-10 3.810131605006104921e-06 1.421892139801906082e-08 2.700848764500667528e-06 1.147737035833402391e-08 7.880088366094622147e-07 7.246030408059912498e-01 7.905293189203603926e-26 4.527506342068960657e-04 3.516170830864740977e-07 4.977737310647505184e-08 3.341987629756388206e-13
1.199999999999867839e-02 1.265389554046829062e+03 1.150890010772411833e-04 1.073351359929841660e-06 1.183963480415582627e-06 1.670380544851713615e-03 3.016124486733186367e-05 1.462729869137688599e-01 8.173175793644475937e-07 9.500795478770468642e-08 4.444573928835912466e-08 6.273622387534686402e-10 5.433280198740546177e-06 5.175628961327368799e-05 1.307514189945122854e-03 1.254750914679413909e-01 7.768543423009701282e-09 2.920222625605813024e-06 2.582978082869170600e-10 4.884824230137876874e-06 1.630178231395271821e-08 3.529666562321491669e-06 1.344524515324135870e-08 1.034482735213935910e-06 7.246032526694712317e-01 7.897391847343776190e-26 4.522709194346296734e-04 3.927104984121228554e-07 4.908453498793516029e-08 2.992430369237086408e-13
1.299999999999856826e-02 1.264814199336722140e+03 1.166913347783588142e-04 9.498663044260051172e-07 1.014872647724706568e-06 1.731223185270978513e-03 2.633756627381023783e-05 1.462428882630221472e-01 8.259961499276942186e-07 7.648360567703906782e-08 4.139672312165514453e-08 5.837107381403769372e-10 5.787440849610906536e-06 5.863284187683480973e-05 1.324115446172288409e-03 1.254204967559960360e-01 7.362227330345628338e-09 3.107807046279789870e-06 2.783435406289816690e-10 6.143880794820930942e-06 1.834558258251851408e-08 4.545199911829178668e-06 1.549369445773365468e-08 1.338839465338000141e-06 7.246034642985743623e-01 7.889498402876448738e-26 4.517868594752775971e-04 4.411855397374439960e-07 4.841569561675736612e-08 2.672209076053908831e-13
1.399999999999845812e-02 1.264138202975247395e+03 1.186607338968399795e-04 8.440353502651878041e-07 8.801600495426432737e-07 1.800929173875772228e-03 2.301899906527721574e-05 1.462069756375087015e-01 8.375208894528701822e-07 6.189237319628291746e-08 3.825742058793588323e-08 5.388660112803425478e-10 6.112504008982744204e-06 6.625707691951178858e-05 1.343859792044724494e-03 1.253576240670637443e-01 6.988542218163297465e-09 3.304266225507650614e-06 2.986293815176738790e-10 7.575056109624066384e-06 2.029460447408073431e-08 5.753736517312171321e-06 1.756727351861311945e-08 1.702580566393060588e-06 7.246036756827445302e-01 7.881612847908181594e-26 4.512987227949525671e-04 4.966275007646848852e-07 4.778892007761902179e-08 2.387015058915101450e-13
1.499999999999834799e-02 1.263375075909140151e+03 1.209496530304383287e-04 7.557879725831764886e-07 7.755197134007968959e-07 1.878259587618108213e-03 2.022039605951295106e-05 1.461659225028600628e-01 8.516456070317145865e-07 5.075829814653709625e-08 3.525596715277220000e-08 4.960408531485074270e-10 6.405708459729542502e-06 7.452993078800413068e-05 1.366126837507679586e-03 1.252878288788275840e-01 6.671684927181323438e-09 3.511568154964114359e-06 3.190429183195425673e-10 9.156255055215710515e-06 2.212884227967175539e-08 7.149004158628102585e-06 1.962908157069881042e-08 2.122291155712782237e-06 7.246038868166938540e-01 7.873735174553424603e-26 4.508072582814697882e-04 5.578846962933764835e-07 4.721418799387868694e-08 2.140653572539598590e-13
1.599999999999823785e-02 1.262540550436934836e+03 1.235037252814367829e-04 6.841928413878854204e-07 6.962253634491444040e-07 1.961760335859456458e-03 1.792037379533117919e-05 1.461206295686516277e-01 8.684846066507980561e-07 4.249042724232619253e-08 3.256517708192631800e-08 4.576579046056686025e-10 6.669093991414860786e-06 8.329801107789822979e-05 1.390468742060035337e-03 1.252123969626142974e-01 6.428964921017773876e-09 3.731666016111253288e-06 3.397996770727615401e-10 1.085989972558437708e-05 2.386422075591030924e-08 8.713610868158177397e-06 2.166886372159087800e-08 2.590118594003783581e-06 7.246040976994015947e-01 7.865865374934496761e-26 4.503136667880303177e-04 6.231122875349114808e-07 4.669487130521825491e-08 1.933966696307541982e-13
1.699999999999812772e-02 1.261651445401688306e+03 1.262655786585919072e-04 6.275834435300173220e-07 6.375991155254797696e-07 2.049871826552159167e-03 1.606931119670235378e-05 1.460721375526193022e-01 8.881688414835493740e-07 3.648244809862146143e-08 3.028097615278370411e-08 4.250509261550744703e-10 6.907796851965435310e-06 9.237189332844088425e-05 1.416584783193394932e-03 1.251325096642821322e-01 6.268947887725373937e-09 3.965896322281089163e-06 3.612392261034475599e-10 1.265746794093033239e-05 2.553978284937693133e-08 1.042253489562055138e-05 2.369897534452371750e-08 3.095204664386228819e-06 7.246043083327678991e-01 7.858003441181599995e-26 4.498193304290258403e-04 6.901875605930306938e-07 4.622973925679437368e-08 1.764928584951722979e-13
1.799999999999801759e-02 1.260724417944539937e+03 1.291788133981920379e-04 5.839088587709359097e-07 5.954404119466891252e-07 2.141042463418483394e-03 1.460326489929641775e-05 1.460215274551412978e-01 9.109213522533703063e-07 3.219366632243832112e-08 2.843066104224716725e-08 3.985859926011136795e-10 7.127821369541528154e-06 1.015476706463786633e-04 1.444289547323280090e-03 1.250492159792227775e-01 6.192654729585439298e-09 4.214568666997100826e-06 3.838049695214826542e-10 1.452250429669679280e-05 2.720142924526691409e-08 1.224668689933309063e-05 2.574327903928655332e-08 3.625262609138623334e-06 7.246045187202868609e-01 7.850149365432806533e-26 4.493256450836534172e-04 7.569669241100673723e-07 4.581494669355415688e-08 1.629594184110754284e-13
1.899999999999790745e-02 1.259775053786383978e+03 1.321908071220645161e-04 5.510902896956174795e-07 5.662611186453297016e-07 2.233810039986221935e-03 1.345680237370113627e-05 1.459698424413829465e-01 9.367426209659893913e-07 2.918759375473432695e-08 2.699619099368818213e-08 3.779925455768788810e-10 7.334431498751677518e-06 1.106249017139381398e-04 1.473480442969553718e-03 1.249634249016559340e-01 6.196314385808374734e-09 4.476847197593632942e-06 4.077961162844991398e-10 1.643171563157081995e-05 2.889024716724999255e-08 1.415524673980873588e-05 2.782632669252872975e-08 4.167704121747985094e-06 7.246047288660339980e-01 7.842303139834021024e-26 4.488337898252878991e-04 8.216395267129352622e-07 4.544557658585659073e-08 1.523239885857214876e-13
1.999999999999779732e-02 1.258817425153346676e+03 1.352539990561465685e-04 5.272611849721342390e-07 5.473290532081041076e-07 2.326841333612194359e-03 1.257108335349731917e-05 1.459180434439263652e-01 9.656258015080781152e-07 2.713485698373693948e-08 2.593775439002138429e-08 3.626964282867406905e-10 7.531456851568511661e-06 1.194179830048657513e-04 1.504109687663440298e-03 1.248759163468909639e-01 6.273971722991589890e-09 4.750840690188767550e-06 4.334673122668623753e-10 1.836469981848667431e-05 3.063744199559833399e-08 1.611660880700276584e-05 2.996684509351739367e-08 4.710221067790826064e-06 7.246049387740379766e-01 7.834464756539028750e-26 4.483447509587603339e-04 8.826904305957970951e-07 4.511661227993569540e-08 1.441238309825677330e-13
2.099999999999768718e-02 1.257864035472688329e+03 1.383259411334522993e-04 5.108762734618806728e-07 5.365952332667172746e-07 2.418938089724535345e-03 1.189735570824688433e-05 1.458669946770960735e-01 9.974317273792386434e-07 2.579732644930761838e-08 2.521033636721434582e-08 3.520531856960240552e-10 7.721285113992261594e-06 1.277612096006947365e-04 1.536162803169354579e-03 1.247873631222882057e-01 6.419337516973629033e-09 5.033790219521617473e-06 4.609418567476273947e-10 2.030305686841811863e-05 3.246399677584558268e-08 1.809840478651210131e-05 3.217526366561755122e-08 5.240979541531886391e-06 7.246051484479704152e-01 7.826634207709447413e-26 4.478593068116666176e-04 9.389239030900228894e-07 4.482343633698292312e-08 1.379544282877178107e-13
2.199999999999757705e-02 1.256925993730123537e+03 1.413686277032651583e-04 5.007261595102607481e-07 5.325737899682711988e-07 2.509022813136272366e-03 1.139731818331258281e-05 1.458174681231528269e-01 1.031940601394291955e-06 2.500750698733162934e-08 2.477244445912389675e-08 3.454702384940311316e-10 7.905138595290673177e-06 1.355095222645079736e-04 1.569642957907642529e-03 1.246983568181427304e-01 6.626778042078961407e-09 5.322261103379018330e-06 4.902292278484340066e-10 2.222939398366302269e-05 3.438207549880425981e-08 2.006713170987255092e-05 3.445360671604566015e-08 5.748642644206823006e-06 7.246053578910417459e-01 7.818811485514729430e-26 4.473780492720398020e-04 9.894303433809783333e-07 4.456202038218837825e-08 1.334865416738799023e-13
2.299999999999746692e-02 1.256013285436250953e+03 1.443475064165492309e-04 4.959116590993725631e-07 5.342224310708091545e-07 2.596115699670775712e-03 1.104208431954933908e-05 1.457701571418694164e-01 1.068907256308342975e-06 2.465036096235043267e-08 2.459111884553731160e-08 3.424773540115140444e-10 8.083399742675052746e-06 1.425369767459627214e-04 1.604559507748907349e-03 1.246094332825473383e-01 6.891562051228330085e-09 5.612291191140541775e-06 5.212708224399365480e-10 2.412643456938781518e-05 3.639813085131125227e-08 2.198773692098217417e-05 3.679639750570332436e-08 6.222316957521035497e-06 7.246055671060025460e-01 7.810996582132145863e-26 4.469014146609891214e-04 1.033538890855737878e-06 4.432895022117559217e-08 1.304672467936112887e-13
2.399999999999735678e-02 1.255135072234853169e+03 1.472304143516850277e-04 4.957912780498722395e-07 5.408463884569281141e-07 2.679309104834192486e-03 1.081060699531685338e-05 1.457256934925290071e-01 1.108005465031967705e-06 2.464738410175581059e-08 2.464079931633464257e-08 3.427093636744424611e-10 8.255813825109451347e-06 1.487341970341355378e-04 1.640919098393060858e-03 1.245210962499059548e-01 7.210125458194228161e-09 5.899453125337059943e-06 5.539159873525224328e-10 2.597631163815962747e-05 3.851211489255242931e-08 2.382329699079266500e-05 3.919081313499414877e-08 6.651571091318975069e-06 7.246057760951928328e-01 7.803189489746803639e-26 4.464298140923015235e-04 1.070617503524840284e-06 4.412137493506407091e-08 1.287095821587641020e-13
2.499999999999724665e-02 1.254299960655972654e+03 1.499865911430371462e-04 4.999427855846484575e-07 5.520186721915720017e-07 2.757744144282280908e-03 1.068826691812727800e-05 1.456846629551303007e-01 1.148900598561479688e-06 2.494765702265652923e-08 2.490483396552459473e-08 3.459277074287376012e-10 8.421686973887184267e-06 1.540059432773156322e-04 1.678717640253436783e-03 1.244338384835126099e-01 7.579660129960402268e-09 6.178933022330158168e-06 5.879424978179024132e-10 2.775998566146545111e-05 4.072028658915167719e-08 2.553486126987247453e-05 4.161723584783331414e-08 7.026396994517576174e-06 7.246059848606047904e-01 7.795390200551592741e-26 4.459635548624820908e-04 1.100193434906058408e-06 4.393693068033886416e-08 1.280846575795579912e-13
2.599999999999713651e-02 1.253516251409975439e+03 1.525857580409842892e-04 5.081285555268352071e-07 5.675336224267478615e-07 2.830588891610731628e-03 1.066577750683593930e-05 1.456476198499728203e-01 1.191207690288374136e-06 2.552055553545139564e-08 2.537395346502272686e-08 3.519984730693114442e-10 8.579940209103411992e-06 1.582687740237903032e-04 1.717932577238834779e-03 1.243481616637165249e-01 7.998089684068951743e-09 6.445564255127690426e-06 6.230455931110236312e-10 2.945674441728500715e-05 4.301447709354102515e-08 2.708145677150506354e-05 4.404894356805575526e-08 7.337260488108503082e-06 7.246061934039423891e-01 7.787598706747235573e-26 4.455028977758221809e-04 1.121865302778427015e-06 4.377366719060874575e-08 1.285128613840192641e-13
2.699999999999702638e-02 1.252792161727172015e+03 1.549972767804863138e-04 5.202736475430872780e-07 5.873764994077453175e-07 2.897018762484318641e-03 1.073842332230869784e-05 1.456150994176965974e-01 1.234502622324465267e-06 2.635199829545681085e-08 2.604588225135550429e-08 3.608868191144507641e-10 8.729145725932754111e-06 1.614491048848074961e-04 1.758514136147011934e-03 1.242645961365760471e-01 8.463851920915248216e-09 6.693847486495592057e-06 6.588328047303069362e-10 3.104374537098294681e-05 4.538196471257373690e-08 2.842027418047380859e-05 4.645152165457354963e-08 7.575154960671129621e-06 7.246064017266726776e-01 7.779815000542231859e-26 4.450480764774830092e-04 1.135273412238387540e-06 4.362998358803790524e-08 1.299580755584885632e-13
2.799999999999691624e-02 1.252136023933766410e+03 1.571893968108710698e-04 5.364550334572077474e-07 6.117118475240550421e-07 2.956198952910383138e-03 1.090564447876399240e-05 1.455876280235264553e-01 1.278308575256901899e-06 2.744254016433351912e-08 2.692489103578775369e-08 3.726506786385006543e-10 8.867491262062706777e-06 1.634816938259420552e-04 1.800375374708793400e-03 1.241837209729014235e-01 8.975737413052886350e-09 6.917974362944443901e-06 6.948085531032189970e-10 3.249555443570166112e-05 4.780455641741948514e-08 2.950701523436584256e-05 4.878192911184280627e-08 7.731696630240795240e-06 7.246066098300669722e-01 7.772039074152879302e-26 4.445992892288109350e-04 1.140112334701770561e-06 4.350457969320774684e-08 1.324243810076992247e-13
2.899999999999680611e-02 1.251556481665610818e+03 1.591285118826954632e-04 5.569043613233141247e-07 6.408892992241357325e-07 3.007266882833897325e-03 1.117099588594000462e-05 1.455657321801042403e-01 1.322086278506806917e-06 2.880729993076118843e-08 2.802191493015814360e-08 3.874425203389199007e-10 8.992730294376573364e-06 1.643083618151086080e-04 1.843379591567233374e-03 1.241061870287807345e-01 9.532756856700650481e-09 7.111855323887684890e-06 7.303585534222326218e-10 3.378362659155760263e-05 5.025737966248641449e-08 3.029645369194556681e-05 5.098723459759315975e-08 7.799240220005434994e-06 7.246068177152290568e-01 7.764270919803244889e-26 4.441567080791093106e-04 1.136116815369579876e-06 4.339642267915314376e-08 1.359561566323227739e-13
2.999999999999669598e-02 1.251062694532414753e+03 1.607784150734541074e-04 5.820237960771647268e-07 6.754690404898956510e-07 3.049313762995871022e-03 1.154247494473893861e-05 1.455499465747544519e-01 1.365220090178087937e-06 3.047838186367067516e-08 2.935490914012382130e-08 4.055145689462548944e-10 9.102068058137151177e-06 1.638769411772786106e-04 1.887324076533879180e-03 1.240327447930916344e-01 1.013405631243430936e-08 7.269146044149597184e-06 7.647265284769476537e-10 3.487569584569474547e-05 5.270699785748625938e-08 3.074322727198211118e-05 5.300312160425341624e-08 7.771032976039200671e-06 7.246070253831194963e-01 7.756510529725180963e-26 4.437204751125927013e-04 1.123067495459255788e-06 4.330473006556091553e-08 1.406411434414839452e-13
3.099999999999658584e-02 1.250664556509457952e+03 1.620995517278129260e-04 6.124197983145843135e-07 7.162717247301698773e-07 3.081364595591220071e-03 1.203335817062362753e-05 1.455408210846333983e-01 1.407002015600786748e-06 3.250969657528517722e-08 3.094973261277802802e-08 4.272316740538240265e-10 9.191999282115139708e-06 1.621403801348983203e-04 1.931919394375932559e-03 1.239642784293375072e-01 1.077884842416536998e-08 7.383292686282044227e-06 7.969895289099025427e-10 3.573503333368151398e-05 5.510854545627783981e-08 3.080289531669540287e-05 5.475189180909464712e-08 7.641410944430416518e-06 7.246072328345575242e-01 7.748757896158289631e-26 4.432907006046759375e-04 1.100793704552963796e-06 4.322897724699601721e-08 1.466179101964317377e-13
3.199999999999647571e-02 1.250372956760059878e+03 1.630482053623128771e-04 6.489613238798632467e-07 7.644642895442144318e-07 3.102353911601020767e-03 1.266361428033081581e-05 1.455389276238847063e-01 1.446611978728629477e-06 3.498549690911634414e-08 3.284172516440364780e-08 4.530940412166902326e-10 9.258094144786842221e-06 1.590558219369930641e-04 1.976761495870769849e-03 1.239018507374784750e-01 1.146645680914954726e-08 7.447561337803090042e-06 8.260243947999388645e-10 3.631950945038139216e-05 5.740262442158738966e-08 3.043336017084168310e-05 5.614047888901465822e-08 7.406034149100960405e-06 7.246074400702143814e-01 7.741013011349944583e-26 4.428674609627327743e-04 1.069176575562110664e-06 4.316893311652739072e-08 1.540884803018987585e-13
3.299999999999636557e-02 1.250200104646600948e+03 1.635756061681167372e-04 6.928723909731053020e-07 8.216989611360846795e-07 3.111094898382936631e-03 1.346231062822340225e-05 1.455448667429903031e-01 1.483092598401440124e-06 3.803500183335428475e-08 3.507766934980241417e-08 4.837660302647198935e-10 9.294642597237576817e-06 1.545836594830031128e-04 2.021293590145277659e-03 1.238467642065804730e-01 1.219627120578962992e-08 7.455047118600995939e-06 8.504653022731701937e-10 3.658039832850993196e-05 5.950973437285758645e-08 2.959666949052945062e-05 5.705724997455233069e-08 7.062188102537221489e-06 7.246076470905747913e-01 7.733275867555253203e-26 4.424507937020009810e-04 1.028156693570238976e-06 4.312474215889634111e-08 1.633389552773313656e-13
3.399999999999625544e-02 1.250159940894864803e+03 1.636269510768530101e-04 7.458786382390675735e-07 8.903379077462518505e-07 3.106239530488631977e-03 1.447154187221846474e-05 1.455592732543354029e-01 1.515304891670396274e-06 4.185662162204922120e-08 3.771838305055839109e-08 5.201144718043854570e-10 9.294117777480669269e-06 1.486865090480928822e-04 2.064752592742402030e-03 1.238006456042735209e-01 1.296779376249048547e-08 7.398769011188287513e-06 8.686516068078788214e-10 3.646075956807676388e-05 6.132199244285960477e-08 2.826154892339034674e-05 5.736862583640493896e-08 6.609245280851288550e-06 7.246078538958599102e-01 7.725546457037076088e-26 4.420406835765191091e-04 9.777552869053924465e-07 4.309708334797960604e-08 1.747716251912422749e-13
3.499999999999614531e-02 1.250268694408909369e+03 1.631403051575128790e-04 8.104539517791761253e-07 9.738535147877459783e-07 3.086222985959157211e-03 1.575275685028436690e-05 1.455828208959172865e-01 1.541916587033062171e-06 4.676193639284571325e-08 4.084231221319505242e-08 5.632614009283029342e-10 9.246413754398197623e-06 1.413280961707915446e-04 2.106091551071154894e-03 1.237655689689199923e-01 1.378090920000768811e-08 7.271556859970816933e-06 8.785571222729823144e-10 3.589336103585576279e-05 6.269333676706942940e-08 2.640656711485084255e-05 5.691504307948939756e-08 6.049167042120097539e-06 7.246080604858621266e-01 7.717824772066000643e-26 4.416370541312082372e-04 9.180870769535304710e-07 4.308747771935528753e-08 1.889549918855636997e-13
3.599999999999603517e-02 1.250545581756463662e+03 1.620456238730304775e-04 8.902006035568448933e-07 1.077469381657908335e-06 3.049192159826551347e-03 1.739732495666126652e-05 1.456162199131369184e-01 1.561256782542628701e-06 5.324847481913805488e-08 4.454695445009772444e-08 6.146109450155052749e-10 9.137573949181739205e-06 1.324723984610587596e-04 2.143864630340964854e-03 1.237442327910327627e-01 1.463509893674404287e-08 7.066015795320311860e-06 8.776776868551518112e-10 3.479804810145297063e-05 6.342013003850211079e-08 2.402510805065725599e-05 5.550553567799313782e-08 5.387535990779050916e-06 7.246082668596299792e-01 7.710110804920338787e-26 4.412397401084195998e-04 8.494024368430496869e-07 4.309885251759051384e-08 2.067041711697953353e-13
3.699999999999592504e-02 1.251013709270377149e+03 1.602642491805284744e-04 9.905195743923292976e-07 1.209385345012382676e-06 2.992909237891764208e-03 1.954474295383279824e-05 1.456601980077075753e-01 1.571309836738036953e-06 6.214191403279471415e-08 4.894724915124189986e-08 6.758353353384433430e-10 8.947842043868303060e-06 1.220844113192632414e-04 2.176044177306392467e-03 1.237402343377734665e-01 1.552874184832056616e-08 6.774289105475031597e-06 8.629233245582308340e-10 3.307885657565738641e-05 6.321704756254463801e-08 2.113272263710989742e-05 5.291415666237966216e-08 4.634869521777263856e-06 7.246084730148097952e-01 7.702404547886120065e-26 4.408484367725981558e-04 7.721648631479860911e-07 4.313668441153333599e-08 2.292076388192566357e-13
3.799999999999581490e-02 1.251701064341165875e+03 1.577101366737002498e-04 1.119675866619825005e-06 1.382950891411623054e-06 2.914639797259655114e-03 2.241317212611483128e-05 1.457154396792758599e-01 1.569513260165284501e-06 7.485416252326905086e-08 5.415426077157389869e-08 7.485952583807856362e-10 8.648636656610734119e-06 1.101352341801196337e-04 2.199731353085985705e-03 1.237584825768728858e-01 1.645453891095489650e-08 6.387720549616314467e-06 8.304557362727293205e-10 3.062198142595007441e-05 6.167583057433435058e-08 1.777885289053712407e-05 4.888038399429872870e-08 3.809152970010375055e-06 7.246086789462723443e-01 7.694705993257093943e-26 4.404625885271342789e-04 6.872214131711813609e-07 4.321131606893000973e-08 2.582172117064770563e-13
3.899999999999570477e-02 1.252640860342148017e+03 1.542969906442337739e-04 1.290468924847751339e-06 1.620714624810163830e-06 2.811094839730871736e-03 2.634989661426757741e-05 1.457824039648151770e-01 1.552585111714495645e-06 9.387401166974672553e-08 6.019713526436846530e-08 8.334812446624306569e-10 8.198421417059204440e-06 9.662312947773038974e-05 2.210688199419914325e-03 1.238057972542437740e-01 1.738612864288946922e-08 5.896157356338387414e-06 7.756166224391023991e-10 2.729989618248522033e-05 5.821633412546864515e-08 1.406767579149789863e-05 4.313469326713658936e-08 2.940111763416399726e-06 7.246088846431782970e-01 7.687015133334701109e-26 4.400812031038009659e-04 5.960871067679531274e-07 4.334279584191764636e-08 2.963015035846396579e-13
3.999999999999559464e-02 1.253869135463092789e+03 1.499621679087044491e-04 1.522153936786666807e-06 1.961216998635943441e-06 2.678651428688243966e-03 3.189937995832713114e-05 1.458608418616325064e-01 1.516508953708697835e-06 1.236099065577275831e-07 6.678920803117333057e-08 9.267980467781346610e-10 7.539883200258653001e-06 8.163723373194443455e-05 2.202600210276327037e-03 1.238916754765762851e-01 1.824093397166465663e-08 5.287871995735699750e-06 6.934569370013639026e-10 2.299900804749935093e-05 5.207542437698852794e-08 1.019407122736833934e-05 3.550169165276457757e-08 2.075993071677659888e-06 7.246090900824860848e-01 7.679331960428080362e-26 4.397023896127436916e-04 5.016525483783548213e-07 4.357138207086843051e-08 3.470069261453283365e-13
4.099999999999548450e-02 1.255412831374452935e+03 1.447341432755463076e-04 1.839249933514670431e-06 2.465839156221943297e-06 2.514640138089920419e-03 3.981637170886170179e-05 1.459486221408202167e-01 1.457070619128268349e-06 1.712896204472845541e-07 7.273165035079099900e-08 1.012276805297297272e-09 6.610223599087365936e-06 6.553794905956008610e-05 2.166204384944688671e-03 1.240286091354883824e-01 1.878738641405991528e-08 4.552817287891475475e-06 5.811545139566981411e-10 1.772067248675714406e-05 4.252757324541292203e-08 6.494322944284592086e-06 2.620781394211021392e-08 1.291311393007764709e-06 7.246092952156861777e-01 7.671656466854067463e-26 4.393226927661469852e-04 4.092042518332524094e-07 4.397859893655174721e-08 4.141269315385729114e-13
4.199999999999537437e-02 1.257254322249601501e+03 1.388832106519312739e-04 2.252836076142447068e-06 3.199024323609394915e-06 2.321578701835049201e-03 5.065900154094819992e-05 1.460395160172257845e-01 1.372506383657421824e-06 2.449400689467167113e-07 7.507254759614808593e-08 1.049145349809295172e-09 5.402935115063058195e-06 4.937250749588343262e-05 2.089660576051091071e-03 1.242292134283375510e-01 1.851409547818956853e-08 3.703380222593507963e-06 4.453098660981016545e-10 1.184913930994604512e-05 2.987289219731749391e-08 3.460160749323092406e-06 1.649053256015092650e-08 6.816542642158961799e-07 7.246094999498660094e-01 7.663988644937152663e-26 4.389364358712385841e-04 3.274331965165047175e-07 4.471639408622017991e-08 4.975820948460908332e-13
4.299999999999526423e-02 1.259268852634290397e+03 1.330832189398243725e-04 2.698924784620118134e-06 4.095888376190531813e-06 2.115449194132480639e-03 6.319781875779616534e-05 1.461218722761456756e-01 1.269237200758531672e-06 3.393518578128888285e-07 7.044808456663670273e-08 9.899053656775528194e-10 4.112208969666962233e-06 3.536229412631513214e-05 1.965346289053032137e-03 1.244933287474676020e-01 1.686140103302963289e-08 2.837241911072716730e-06 3.122675332894131664e-10 6.490105225863520148e-06 1.713887033809628502e-08 1.535070235270341205e-06 8.764764886963352870e-09 3.139783860562530774e-07 7.246097041632487690e-01 7.656328487009522027e-26 4.385369707749805883e-04 2.665248650781457767e-07 4.597966376354435789e-08 5.835711246640269925e-13
4.399999999999515410e-02 1.261215803596631304e+03 1.281207696056159840e-04 2.999014849098080883e-06 4.778934243556906287e-06 1.926898217591814164e-03 7.302656304768928499e-05 1.461851953474921084e-01 1.163429260150843861e-06 4.172408399414788368e-07 6.126080556472132856e-08 8.658925104711390285e-10 3.138301694806325909e-06 2.607247293766611456e-05 1.806606887007113039e-03 1.247872282629744478e-01 1.433130813225196567e-08 2.168255908796170942e-06 2.178142360289105678e-10 2.960166485723582472e-06 8.674435259428134536e-09 6.739933759650245600e-07 4.609191075750426746e-09 1.542503831703693296e-07 7.246099078553589479e-01 7.648675985411026439e-26 4.381214352953987138e-04 2.308767762161628261e-07 4.776478225699589207e-08 6.427306216009540980e-13
4.499999999999504396e-02 1.262876676149929381e+03 1.241473289367463196e-04 3.029284884144080053e-06 4.889735411799173659e-06 1.779543308153790429e-03 7.648995053868681609e-05 1.462305897229306539e-01 1.069753833770828187e-06 4.416106875431204366e-07 5.446943021291298194e-08 7.730065256743057756e-10 2.687519539203320031e-06 2.188823499845458229e-05 1.649425908698050553e-03 1.250539676390082511e-01 1.230799160907859085e-08 1.827917415024627978e-06 1.709551575404872692e-10 1.351117663707033526e-06 5.061931307748183131e-09 4.007728613991793743e-07 3.120939853412529618e-09 1.048823723127970237e-07 7.246101112905546371e-01 7.641031132489157498e-26 4.376933409506027239e-04 2.151321502942350113e-07 4.964349860157011456e-08 6.575535800355540714e-13
4.599999999999493383e-02 1.264169183173476995e+03 1.208461040409623431e-04 2.858099762565189497e-06 4.540377693895254585e-06 1.675092385134763478e-03 7.460591118673284502e-05 1.462651114949352904e-01 9.936226825033582368e-07 4.197988004244474969e-07 5.185076032760099896e-08 7.369469516874884474e-10 2.626010069683383991e-06 2.106499043814134963e-05 1.521694207131058050e-03 1.252592419940540547e-01 1.116785634618030411e-08 1.737317269393240063e-06 1.545707617374085447e-10 8.056326531321477644e-07 4.099432409550611344e-09 3.553121425329102605e-07 2.872092940453162235e-09 1.007700173299873509e-07 7.246103147721343340e-01 7.633393920599046366e-26 4.372579671912015095e-04 2.112243886043932298e-07 5.112597550977961855e-08 6.380184825284194238e-13
4.699999999999482370e-02 1.265111584122547583e+03 1.180689943545947521e-04 2.606013216769771465e-06 4.011586760416908019e-06 1.605177614496447382e-03 7.003584914531741821e-05 1.462922538359054114e-01 9.347189028676456881e-07 3.768159395721400984e-07 5.149790643441644311e-08 7.319508932441025578e-10 2.770690631177198025e-06 2.199096967167354769e-05 1.428842754238934375e-03 1.254022571214319093e-01 1.054392745745104197e-08 1.775112209232832083e-06 1.528296235102130145e-10 7.002298392246740226e-07 4.271162751882234193e-09 4.057122993560926771e-07 3.173517485419460271e-09 1.184616007862451353e-07 7.246105184060789295e-01 7.625764342103490176e-26 4.368186531431290497e-04 2.140504403540323184e-07 5.203779777540241226e-08 6.014486154759118376e-13
4.799999999999471356e-02 1.265756555387234130e+03 1.158381394771112414e-04 2.343054703903735629e-06 3.468689983765688679e-06 1.561753292613473308e-03 6.449283511769062286e-05 1.463125348626839461e-01 8.907784354632461575e-07 3.286065688903986720e-07 5.186520652011413028e-08 7.367390999343548473e-10 3.018717089446935714e-06 2.386174257584315579e-05 1.365185771423597190e-03 1.254955031231213547e-01 1.013912194017167885e-08 1.872259514220721058e-06 1.581156833772474426e-10 7.931721043234278944e-07 4.995890789293494084e-09 5.183360452061025659e-07 3.789636175115033295e-09 1.521301986303704988e-07 7.246107221549260569e-01 7.618142389372915293e-26 4.363769032748856993e-04 2.213101891916160168e-07 5.243468397154100773e-08 5.588924996128744082e-13
4.899999999999460343e-02 1.266157042492004621e+03 1.141831891965806986e-04 2.095809155721466430e-06 2.972347032009416721e-06 1.539070211508051763e-03 5.874712102914593899e-05 1.463259039933167138e-01 8.592180893342034569e-07 2.818748365013147973e-07 5.221160635532254397e-08 7.410480413922803140e-10 3.323503304949270402e-06 2.636231694392946804e-05 1.323580915351317078e-03 1.255514974180479970e-01 9.814154167727097343e-09 1.998470065139769488e-06 1.673801907597237116e-10 1.013735557472444961e-06 6.075714183310630249e-09 6.903505038729867871e-07 4.645666318893507679e-09 2.020477657461413755e-07 7.246109259421540383e-01 7.610528054785362392e-26 4.359332402852792517e-04 2.322035499286867491e-07 5.243622174071347243e-08 5.154134747733061737e-13
4.999999999999449329e-02 1.266355543296373753e+03 1.130993907488871949e-04 1.870793061273542168e-06 2.536505548258051542e-06 1.533259937682780955e-03 5.309994516319668534e-05 1.463324383587575328e-01 8.377349962112971753e-07 2.388889645988624492e-07 5.220010006918380124e-08 7.402010890112504211e-10 3.663615582770220552e-06 2.939695933948071653e-05 1.298326831524903874e-03 1.255795458010283694e-01 9.507301165875724696e-09 2.140998882010162584e-06 1.794103481908855987e-10 1.350496994465425259e-06 7.437073494514206960e-09 9.305009920300848362e-07 5.721062809359331656e-09 2.712170626783858808e-07 7.246111296964707904e-01 7.602921330726497941e-26 4.354876774828013311e-04 2.467092772138429848e-07 5.215481780288802929e-08 4.729177812800567868e-13
5.099999999999438316e-02 1.266383013163185296e+03 1.125601953617853357e-04 1.667362703858955817e-06 2.159239549976403051e-06 1.541782864712547231e-03 4.766286817918561849e-05 1.463323070753739796e-01 8.244574990236362350e-07 2.002321942694129950e-07 5.166390416032963990e-08 7.318890164725890082e-10 4.027619269400039796e-06 3.296756432774435643e-05 1.285340766515187310e-03 1.255860059738936330e-01 9.188509639723111831e-09 2.294210509449279716e-06 1.936844290607901635e-10 1.812961179165433308e-06 9.041341597944609433e-09 1.254084343949068278e-06 7.011812238468898670e-09 3.644893276218676585e-07 7.246113333610775253e-01 7.595322209589591234e-26 4.350399874212803404e-04 2.651745351224208492e-07 5.168045240006366858e-08 4.319566816806647518e-13
5.199999999999427303e-02 1.266260801228088440e+03 1.125329710969999182e-04 1.483170339621422252e-06 1.834839935057730708e-06 1.563009394694085978e-03 4.248423667307874030e-05 1.463256552086237838e-01 8.178803938822873701e-07 1.659622884528314368e-07 5.051589557495127068e-08 7.149160461645345508e-10 4.406891961137220247e-06 3.712297352949502316e-05 1.281747718848856273e-03 1.255751492417068460e-01 8.843458293901100418e-09 2.455714011586925808e-06 2.098907058975240243e-10 2.418392122046220484e-06 1.085207089769424026e-08 1.681396028239238843e-06 8.515311208578202514e-09 4.883615936117162576e-07 7.246115368921661748e-01 7.587730683775529325e-26 4.345896982857249064e-04 2.883209941432686180e-07 5.108277174225392415e-08 3.926254147459837723e-13
