0.000000000000000000e+00 1.077196223238306402e+03 1.343491540834517513e-05 2.576220334515564249e-06 1.396715380609155093e-05 1.831261988805967054e-03 1.636272454985804190e-05 9.962030687628499470e-03 6.700374748559313777e-07 2.448377092875537774e-07 1.512737543569712278e-18 1.298664710908288126e-20 8.233159844839510030e-17 1.489892050617926051e-15 3.022574097524407914e-03 2.176210620479160640e-01 3.254932058926478511e-09 3.042168713093714757e-11 1.039898952581365591e-16 5.061842866863956581e-27 1.279441459892366082e-29 5.946095598310497502e-28 1.346053134921877659e-29 5.939663809088153904e-28 7.675158120034866194e-01 0.000000000000000000e+00
2.499999999999946709e-03 1.077185562373902940e+03 1.343482511499072525e-05 2.576114593535098336e-06 1.396673071376356162e-05 1.831295740741966391e-03 1.636136142295921631e-05 9.962033153848387501e-03 6.700682047608642994e-07 2.448359609724755853e-07 1.512923631960147191e-18 1.298780406098513930e-20 8.234696952102816260e-17 1.490318194827030469e-15 3.022634086068037851e-03 2.176209677943441445e-01 3.255089410985748896e-09 3.042512306339903270e-11 1.040087638519792798e-16 5.061585658977404254e-27 1.279416045361584232e-29 5.947389818329524565e-28 1.346619669542187453e-29 5.942637888266335360e-28 7.675158120034701881e-01 0.000000000000000000e+00
4.999999999999893419e-03 1.077175011795255614e+03 1.343473571565366417e-05 2.576009948961227461e-06 1.396631208908246345e-05 1.831329150526233435e-03 1.636001247075403951e-05 9.962035594851660278e-03 6.700986194368602252e-07 2.448342301727927569e-07 1.513107863968625407e-18 1.298894910722818599e-20 8.236218806800696569e-17 1.490740127454586873e-15 3.022693467050059125e-03 2.176208744953687102e-01 3.255245165726778849e-09 3.042852414348836439e-11 1.040274458140259037e-16 5.061330695543809639e-27 1.279390787619120446e-29 5.948671188835137213e-28 1.347180953664241970e-29 5.945583727953304589e-28 7.675158120034538678e-01 0.000000000000000000e+00
7.499999999999840128e-03 1.077164570463646442e+03 1.343464719887750875e-05 2.575906391386594916e-06 1.396589789199226485e-05 1.831362220703171241e-03 1.635867756006983330e-05 9.962038010894644011e-03 6.701287215288464486e-07 2.448325167403183605e-07 1.513290260837480714e-18 1.299008235905263202e-20 8.237725574488550471e-17 1.491157893855678115e-15 3.022752245038353835e-03 2.176207821438127243e-01 3.255399338708269073e-09 3.043189070168674516e-11 1.040459431829243679e-16 5.061077922578162042e-27 1.279365677973921823e-29 5.949939825605992928e-28 1.347737060042741975e-29 5.948501683182633319e-28 7.675158120034375475e-01 0.000000000000000000e+00
9.999999999999786837e-03 1.077154237357120564e+03 1.343455955329662184e-05 2.575803911569967063e-06 1.396548808315345233e-05 1.831394953766901689e-03 1.635735655996254108e-05 9.962040402230198932e-03 6.701585136344613663e-07 2.448308205283009733e-07 1.513470843594644676e-18 1.299120392556635089e-20 8.239217419126291505e-17 1.491571539048304415e-15 3.022810424512234299e-03 2.176206907326383722e-01 3.255551945259950060e-09 3.043522306360795531e-11 1.040642579780335926e-16 5.060827285545731382e-27 1.279340707557046227e-29 5.951195842442567769e-28 1.348288061444403527e-29 5.951392109235552265e-28 7.675158120034214493e-01 0.000000000000000000e+00
1.249999999999973355e-02 1.077144007906269508e+03 1.343447289563061212e-05 2.575702424379436953e-06 1.396508225174633896e-05 1.831427376193834168e-03 1.635604880561672774e-05 9.962042768923335539e-03 6.701880159989177010e-07 2.448291402243745343e-07 1.513649453000541914e-18 1.299231405281667760e-20 8.240693486372922294e-17 1.491980981223671825e-15 3.022868050144004570e-03 2.176206001916569932e-01 3.255702978494100609e-09 3.043852150751248976e-11 1.040823776071478440e-16 5.060580091791163072e-27 1.279316213574897326e-29 5.952438691357748694e-28 1.348832865511800534e-29 5.954253416317936415e-28 7.675158120034050180e-01 0.000000000000000000e+00
1.499999999999968026e-02 1.077133881784809319e+03 1.343438719091718843e-05 2.575601935035582464e-06 1.396468042900974379e-05 1.831459485912841556e-03 1.635475427014035084e-05 9.962045111254244634e-03 6.702172278379880928e-07 2.448274759014686860e-07 1.513826143103926697e-18 1.299341281980965954e-20 8.242154125877319061e-17 1.492386288224425816e-15 3.022925118752474091e-03 2.176205105258668115e-01 3.255852457367456631e-09 3.044178635717127382e-11 1.041003067619492429e-16 5.060336032573026872e-27 1.279292122477053468e-29 5.953668604772699832e-28 1.349371761490550634e-29 5.957086321601558175e-28 7.675158120033888087e-01 0.000000000000000000e+00
1.749999999999962697e-02 1.077123859757761466e+03 1.343430236569706266e-05 2.575502471854751870e-06 1.396428275910900478e-05 1.831491273557159108e-03 1.635347309049371836e-05 9.962047429555231579e-03 6.702461429854988433e-07 2.448258279857912964e-07 1.514001022021665084e-18 1.299450026149101117e-20 8.243599992209816861e-17 1.492787565690320533e-15 3.022981614923768261e-03 2.176204217594859547e-01 3.256000407236885770e-09 3.044501794429587588e-11 1.041180545141185754e-16 5.060094387854248458e-27 1.279268256146573845e-29 5.954886012050116231e-28 1.349905389904214994e-29 5.959892128982961860e-28 7.675158120033728215e-01 0.000000000000000000e+00
1.999999999999957367e-02 1.077113940775643414e+03 1.343421841236427365e-05 2.575404024242050814e-06 1.396388919569431812e-05 1.831522742057480274e-03 1.635220513042192795e-05 9.962049724060402511e-03 6.702747643194644077e-07 2.448241963053646076e-07 1.514174105146393742e-18 1.299557648212788036e-20 8.245031215970249578e-17 1.493184853934638862e-15 3.023037543851784040e-03 2.176203338843537283e-01 3.256146841932781695e-09 3.044821657390137260e-11 1.041356224186545876e-16 5.059855137053060363e-27 1.279244614190734473e-29 5.956091001569786210e-28 1.350433792650853430e-29 5.962671143115148950e-28 7.675158120033566123e-01 0.000000000000000000e+00
2.249999999999952038e-02 1.077104123802636877e+03 1.343413532351500976e-05 2.575306581702578872e-06 1.396349969280874235e-05 1.831553894315113371e-03 1.635095025543258004e-05 9.962051995000246671e-03 6.703030946859968040e-07 2.448225806886317839e-07 1.514345407499793271e-18 1.299664158397560211e-20 8.246447925278952803e-17 1.493578192823599060e-15 3.023092910676875283e-03 2.176202468923936761e-01 3.256291775037450891e-09 3.045138254609808616e-11 1.041530119985791420e-16 5.059618260222599825e-27 1.279221196339988586e-29 5.957283659159615650e-28 1.350957010627462797e-29 5.965423667207336887e-28 7.675158120033405140e-01 0.000000000000000000e+00
2.499999999999946709e-02 1.077094407816586227e+03 1.343405309194759019e-05 2.575210133841427437e-06 1.396311420488818313e-05 1.831584733201981150e-03 1.634970833279575408e-05 9.962054242601620785e-03 6.703311368993047658e-07 2.448209809644563299e-07 1.514514943732585130e-18 1.299769566727769103e-20 8.247850245776752738e-17 1.493967621776354355e-15 3.023147720485849267e-03 2.176201607756134138e-01 3.256435219885111833e-09 3.045451615609154541e-11 1.041702247449371682e-16 5.059383738050904478e-27 1.279198002447962712e-29 5.958464068095625307e-28 1.351475083729976430e-29 5.968150003024952794e-28 7.675158120033245268e-01 0.000000000000000000e+00
2.749999999999941380e-02 1.077084791808998943e+03 1.343397171066245993e-05 2.575114670363680989e-06 1.396273268676139828e-05 1.831615261560619714e-03 1.634847923154401876e-05 9.962056467087759479e-03 6.703588937416939545e-07 2.448193969621224610e-07 1.514682728124533751e-18 1.299873883026583228e-20 8.249238300624969899e-17 1.494353179764992750e-15 3.023201978311967995e-03 2.176200755261047393e-01 3.256577189561894988e-09 3.045761769418249884e-11 1.041872621167965889e-16 5.059151551860913787e-27 1.279175032491460036e-29 5.959632309101950808e-28 1.351988050853263861e-29 5.970850450889636167e-28 7.675158120033083176e-01 0.000000000000000000e+00
2.999999999999936051e-02 1.077075274785046304e+03 1.343389117286222023e-05 2.575020181074418786e-06 1.396235509365000967e-05 1.831645482204180683e-03 1.634726282247244214e-05 9.962058668678278744e-03 6.703863679635675942e-07 2.448178285113351559e-07 1.514848774584445962e-18 1.299977116915990418e-20 8.250612210505428971e-17 1.494734905314538602e-15 3.023255689134951227e-03 2.176199911360435779e-01 3.256717696905844468e-09 3.046068744576696630e-11 1.042041255412484805e-16 5.058921683610469773e-27 1.279152286570458720e-29 5.960788460350848035e-28 1.352495949891132506e-29 5.973525309679243358e-28 7.675158120032925524e-01 0.000000000000000000e+00
3.249999999999930722e-02 1.077065855763562240e+03 1.343381147195158119e-05 2.574926655878709788e-06 1.396198138116847275e-05 1.831675397916428163e-03 1.634605897813856456e-05 9.962060847589158594e-03 6.704135622834250953e-07 2.448162754422196278e-07 1.515013096650169446e-18 1.300079277816794657e-20 8.251972093620432928e-17 1.495112836502950057e-15 3.023308857880968245e-03 2.176199075976899544e-01 3.256856754506914721e-09 3.046372569133611615e-11 1.042208164134068384e-16 5.058694115892312696e-27 1.279129764908111341e-29 5.961932597462679668e-28 1.352998817736324015e-29 5.976174876827834124e-28 7.675158120032765652e-01 0.000000000000000000e+00
3.499999999999925393e-02 1.077056533777044251e+03 1.343373260153740240e-05 2.574834084781618154e-06 1.396161150532410699e-05 1.831705011451741560e-03 1.634486757286242236e-05 9.962063004032763874e-03 6.704404793878634314e-07 2.448147375853219592e-07 1.515175707488595632e-18 1.300180374948619094e-20 8.253318065692788914e-17 1.495487010961121420e-15 3.023361489422646525e-03 2.176198249033879928e-01 3.256994374706973427e-09 3.046673270647640103e-11 1.042373360964088114e-16 5.058468831934086805e-27 1.279107467850746571e-29 5.963064793505926852e-28 1.353496690280518203e-29 5.978799448325685975e-28 7.675158120032606890e-01 0.000000000000000000e+00
3.749999999999920064e-02 1.077047307871653175e+03 1.343365455542867260e-05 2.574742457888199865e-06 1.396124542251708573e-05 1.831734325535113849e-03 1.634368848272654446e-05 9.962065138217830393e-03 6.704671219315763974e-07 2.448132147716088375e-07 1.515336619895657381e-18 1.300280417329903935e-20 8.254650239965797154e-17 1.495857465872881373e-15 3.023413588579068265e-03 2.176197430455660276e-01 3.257130569599799842e-09 3.046970876186947382e-11 1.042536859214145541e-16 5.058245815598337465e-27 1.279085395867868060e-29 5.964185118997190085e-28 1.353989602414330519e-29 5.981399318719287001e-28 7.675158120032448128e-01 0.000000000000000000e+00
3.999999999999914735e-02 1.077038177107212732e+03 1.343357732763651819e-05 2.574651765403503983e-06 1.396088308954043115e-05 1.831763342862152873e-03 1.634252158557594563e-05 9.962067250349468384e-03 6.704934925373548218e-07 2.448117068324674491e-07 1.515495846296329760e-18 1.300379413777907948e-20 8.255968727203252181e-17 1.496224237974994362e-15 3.023465160115769955e-03 2.176196620167364648e-01 3.257265351031086454e-09 3.047265412329220704e-11 1.042698671876073004e-16 5.058025051382511153e-27 1.279063549552154433e-29 5.965293641901179358e-28 1.354477588027313456e-29 5.983974781111337664e-28 7.675158120032290476e-01 0.000000000000000000e+00
4.249999999999909406e-02 1.077029140557209985e+03 1.343350091237419812e-05 2.574561997632573084e-06 1.396052446358002096e-05 1.831792066099079824e-03 1.634136676101812985e-05 9.962069340629165978e-03 6.705195937960864607e-07 2.448102135997055850e-07 1.515653398744630037e-18 1.300477372908707259e-20 8.257273635689444073e-17 1.496587363557159608e-15 3.023516208744741942e-03 2.176195818094958656e-01 3.257398730598436914e-09 3.047556905161671867e-11 1.042858811621933265e-16 5.057806524418955464e-27 1.279041929619459852e-29 5.966390427630723121e-28 1.354960680007955704e-29 5.986526127160749900e-28 7.675158120032131714e-01 0.000000000000000000e+00
4.499999999999904077e-02 1.077020197308795787e+03 1.343342530405710896e-05 2.574473144980441556e-06 1.396016950221458170e-05 1.831820497882730766e-03 1.634022389042308693e-05 9.962071409254784002e-03 6.705454282667562093e-07 2.448087349055517999e-07 1.515809288923618071e-18 1.300574303137196253e-20 8.258565071229153522e-17 1.496946878462011898e-15 3.023566739124430598e-03 2.176195024165249181e-01 3.257530719651368106e-09 3.047845380281032697e-11 1.043017290804019514e-16 5.057590220474920543e-27 1.279020536908813732e-29 5.967475539046765597e-28 1.355438910243682712e-29 5.989053647082649814e-28 7.675158120031975173e-01 0.000000000000000000e+00
4.749999999999898748e-02 1.077011346462783195e+03 1.343335049730277648e-05 2.574385197952137302e-06 1.395981816341569548e-05 1.831848640820555544e-03 1.633909285692329927e-05 9.962073456420562911e-03 6.705709984764457848e-07 2.448072705826550416e-07 1.515963528145395346e-18 1.300670212677086977e-20 8.259843137147657994e-17 1.497302818085120793e-15 3.023616755859736584e-03 2.176194238305884376e-01 3.257661329291308076e-09 3.048130862793558918e-11 1.043174121454855611e-16 5.057376125952556933e-27 1.278999372382421029e-29 5.968549036458364980e-28 1.355912309620855570e-29 5.991557629648372294e-28 7.675158120031817521e-01 0.000000000000000000e+00
4.999999999999893419e-02 1.077002587133649286e+03 1.343327648693086404e-05 2.574298147152681730e-06 1.395947040554779827e-05 1.831876497490618439e-03 1.633797354541373511e-05 9.962075482317114122e-03 6.705963069203339376e-07 2.448058204640849685e-07 1.516116127351105935e-18 1.300765109540909435e-20 8.261107934290732965e-17 1.497655217374991024e-15 3.023666263502015287e-03 2.176193460445353389e-01 3.257790570371598102e-09 3.048413377315028868e-11 1.043329315287195965e-16 5.057164227888917007e-27 1.278978437125660831e-29 5.969610977622694340e-28 1.356380908024773247e-29 5.994038362185466397e-28 7.675158120031660980e-01 0.000000000000000000e+00
5.249999999999888090e-02 1.076993918449534249e+03 1.343320326796317099e-05 2.574211983287087643e-06 1.395912618736817485e-05 1.831904070441597301e-03 1.633686584255185530e-05 9.962077487131425213e-03 6.706213560616966634e-07 2.448043843833318438e-07 1.516267097110935922e-18 1.300859001540011292e-20 8.262359561024640828e-17 1.498004110833062690e-15 3.023715266549077251e-03 2.176192690512987471e-01 3.257918453497491040e-09 3.048692947970741553e-11 1.043482883694025409e-16 5.056954513955954976e-27 1.278957732347088883e-29 5.970661417745043413e-28 1.356844734339670351e-29 5.996496130577693549e-28 7.675158120031505549e-01 0.000000000000000000e+00
5.499999999999882760e-02 1.076985339552241385e+03 1.343313083562362750e-05 2.574126697160361354e-06 1.395878546802696560e-05 1.831931362192784846e-03 1.633576963675760989e-05 9.962079471046859924e-03 6.706461483319065678e-07 2.448029621743064827e-07 1.516416447624113596e-18 1.300951896284558622e-20 8.263598113236145678e-17 1.498349532513710862e-15 3.023763769445187311e-03 2.176191928438958312e-01 3.258044989026152147e-09 3.048969598395520526e-11 1.043634837748559448e-16 5.056746972460526161e-27 1.278937259378435067e-29 5.971700409478815909e-28 1.357303816448717410e-29 5.998931219265025758e-28 7.675158120031349007e-01 0.000000000000000000e+00
5.749999999999877431e-02 1.076976849597237106e+03 1.343305918533830310e-05 2.574042279677503109e-06 1.395844820706716475e-05 1.831958375234087793e-03 1.633468481821342800e-05 9.962081434243156425e-03 6.706706861304336074e-07 2.448015536713404109e-07 1.516564188718909833e-18 1.301043801183534710e-20 8.264823684332499763e-17 1.498691516024246178e-15 3.023811776581065026e-03 2.176191174154279429e-01 3.258170187066659089e-09 3.049243351733710662e-11 1.043785188204243888e-16 5.056541592344387003e-27 1.278917019674605361e-29 5.972728002925532206e-28 1.357758181234023110e-29 6.001343911243647403e-28 7.675158120031193576e-01 0.000000000000000000e+00
5.999999999999872102e-02 1.076968444385841394e+03 1.343298823238729782e-05 2.573958715848141394e-06 1.395811451202915101e-05 1.831985135212003870e-03 1.633361088173844477e-05 9.962083377874089707e-03 6.706949850000565493e-07 2.448001598335337462e-07 1.516710586849176502e-18 1.301134821406973471e-20 8.266037469953724357e-17 1.499029826082115072e-15 3.023859334034882055e-03 2.176190426934972999e-01 3.258294206346239282e-09 3.049514501278608627e-11 1.043934126158916869e-16 5.056338474924435204e-27 1.278896947637031501e-29 5.973747437745921883e-28 1.358207979308179716e-29 6.003726129002463839e-28 7.675158120031039255e-01 0.000000000000000000e+00
6.249999999999866773e-02 1.076960124379304034e+03 1.343291800310195221e-05 2.573875999053166043e-06 1.395778428720935168e-05 1.832011635756021755e-03 1.633254787179329762e-05 9.962085301741016585e-03 6.707190422749867373e-07 2.447987800692444040e-07 1.516855553542617139e-18 1.301224926773976575e-20 8.267239139187397998e-17 1.499364597304273287e-15 3.023906430244936282e-03 2.176189686962696213e-01 3.258416999966568543e-09 3.049782966455964269e-11 1.044081593144425780e-16 5.056137567994433277e-27 1.278877070467948807e-29 5.974757547178012261e-28 1.358653188201729849e-29 6.006081325840539038e-28 7.675158120030883824e-01 0.000000000000000000e+00
6.499999999999861444e-02 1.076951889887282960e+03 1.343284852007313641e-05 2.573794122479272302e-06 1.395745744453985728e-05 1.832037871603956663e-03 1.633149581511454765e-05 9.962087205689647285e-03 6.707428559040274811e-07 2.447974138424217603e-07 1.516999012566540165e-18 1.301314091709372939e-20 8.268428412848724074e-17 1.499695950688391415e-15 3.023953055644169625e-03 2.176188954387766050e-01 3.258538528085953348e-09 3.050048679481058024e-11 1.044227539237858118e-16 5.055938825466027902e-27 1.278857412196475826e-29 5.975757318541655707e-28 1.359093790564605593e-29 6.008412543442237184e-28 7.675158120030729503e-01 0.000000000000000000e+00
6.749999999999856115e-02 1.076943740040979719e+03 1.343277977765264161e-05 2.573713077290940915e-06 1.395713394859391628e-05 1.832063845671493864e-03 1.633045459962865676e-05 9.962089089908128178e-03 6.707664284677739219e-07 2.447960610154267729e-07 1.517140978287638979e-18 1.301402325112987150e-20 8.269605400313888323e-17 1.500023911763044517e-15 3.023999215387245670e-03 2.176188229129192853e-01 3.258658803309533940e-09 3.050311667878273721e-11 1.044371978147123246e-16 5.055742241439013018e-27 1.278837973196054674e-29 5.976746866532238283e-28 1.359529812197520440e-29 6.010719863148911843e-28 7.675158120030576292e-01 0.000000000000000000e+00
6.999999999999850786e-02 1.076935673982678736e+03 1.343271177033286306e-05 2.573632854748053945e-06 1.395681376445067435e-05 1.832089560862689261e-03 1.632942411472044039e-05 9.962090954581734673e-03 6.707897625250084082e-07 2.447947214519020132e-07 1.517281464898463044e-18 1.301489635758483801e-20 8.270770209325588368e-17 1.500348505404161532e-15 3.024044914607250650e-03 2.176187511106326411e-01 3.258777838108368307e-09 3.050571958888782121e-11 1.044514923398718156e-16 5.055547810733659293e-27 1.278818753911857133e-29 5.977726305737867123e-28 1.359961277995648353e-29 6.013003358456532116e-28 7.675158120030421971e-01 0.000000000000000000e+00
7.249999999999845457e-02 1.076927690865749355e+03 1.343264449274679504e-05 2.573553446205893929e-06 1.395649685769516592e-05 1.832115020069969170e-03 1.632840425123308111e-05 9.962092799892862532e-03 6.708128606127000726e-07 2.447933950167717724e-07 1.517420486417419818e-18 1.301576032293367484e-20 8.271922945993039882e-17 1.500669755835025866e-15 3.024090158415691267e-03 2.176186800238854302e-01 3.258895644819432183e-09 3.050829579470539620e-11 1.044656388337727962e-16 5.055355528890711259e-27 1.278799754860784092e-29 5.978695750639369539e-28 1.360388211948621809e-29 6.015263095015679045e-28 7.675158120030269870e-01 0.000000000000000000e+00
7.499999999999840128e-02 1.076919789854644705e+03 1.343257793966803081e-05 2.573474843115145573e-06 1.395618319441831920e-05 1.832140226174130537e-03 1.632739490146811168e-05 9.962094626021034821e-03 6.708357252460050436e-07 2.447920815762420613e-07 1.517558056688773595e-18 1.301661523238982797e-20 8.273063714791966726e-17 1.500987686626275788e-15 3.024134951902495566e-03 2.176186096446804663e-01 3.259012235645619873e-09 3.051084556298286957e-11 1.044796386127826027e-16 5.055165392171390893e-27 1.278780976631466386e-29 5.979655315610293917e-28 1.360810637140532916e-29 6.017499130631548311e-28 7.675158120030116660e-01 0.000000000000000000e+00
7.749999999999834799e-02 1.076911970124901927e+03 1.343251210601077279e-05 2.573397037021895749e-06 1.395587274121695625e-05 1.832165182044340939e-03 1.632639595918542857e-05 9.962096433142896695e-03 6.708583589182662336e-07 2.447907809978003458e-07 1.517694189382645698e-18 1.301746116990514340e-20 8.274192618564607113e-17 1.501302320695903445e-15 3.024179300136012067e-03 2.176185399650543695e-01 3.259127622655743428e-09 3.051336915763551155e-11 1.044934929751273587e-16 5.054977397557392603e-27 1.278762419884264233e-29 5.980605114916910613e-28 1.361228575749932575e-29 6.019711515263950229e-28 7.675158120029964559e-01 0.000000000000000000e+00
7.999999999999829470e-02 1.076904230863142629e+03 1.343244698682981732e-05 2.573320019567631380e-06 1.395556546519378783e-05 1.832189890538138801e-03 1.632540731960329200e-05 9.962098221432218875e-03 6.708807641010137626e-07 2.447894931502159702e-07 1.517828897995014477e-18 1.301829821816987017e-20 8.275309758519714842e-17 1.501613680309255451e-15 3.024223208163011496e-03 2.176184709770776771e-01 3.259241817784533471e-09 3.051586683974644876e-11 1.045072032008920127e-16 5.054791542750887523e-27 1.278744085351267801e-29 5.981545262718209264e-28 1.361642049049831598e-29 6.021900291027306161e-28 7.675158120029812459e-01 0.000000000000000000e+00
8.249999999999824141e-02 1.076896571267071749e+03 1.343238257732056823e-05 2.573243782489241558e-06 1.395526133395742024e-05 1.832214354501432961e-03 1.632442887939830896e-05 9.962099991059890705e-03 6.709029432439644286e-07 2.447882179035397867e-07 1.517962195847716086e-18 1.301912645861265433e-20 8.276415234232553132e-17 1.501921787079032889e-15 3.024266681008685054e-03 2.176184026728548715e-01 3.259354832832638368e-09 3.051833886756665770e-11 1.045207705520202882e-16 5.054607826174522086e-27 1.278725973836295798e-29 5.982475873065900578e-28 1.362051077407699871e-29 6.024065492190654796e-28 7.675158120029660358e-01 0.000000000000000000e+00
8.499999999999818812e-02 1.076888990545479146e+03 1.343231887281902832e-05 2.573168317619017119e-06 1.395496031562235020e-05 1.832238576768502889e-03 1.632346053670545696e-05 9.962101742193934031e-03 6.709248987750221316e-07 2.447869551291044730e-07 1.518094096088442741e-18 1.301994597140054197e-20 8.277509143644902018e-17 1.502226661965290915e-15 3.024309723676645283e-03 2.176183350445242970e-01 3.259466679466623820e-09 3.052078549651496476e-11 1.045341962723147583e-16 5.054426246971417303e-27 1.278708086214897723e-29 5.983397059904417238e-28 1.362455680285466911e-29 6.026207145177646769e-28 7.675158120029509368e-01 0.000000000000000000e+00
8.749999999999813483e-02 1.076881487918238008e+03 1.343225586880180109e-05 2.573093616884650218e-06 1.395466237880896654e-05 1.832262560161998684e-03 1.632250219111806708e-05 9.962103474999485855e-03 6.709466331002777670e-07 2.447857046995241090e-07 1.518224611690744846e-18 1.302075683543898222e-20 8.278591583065052190e-17 1.502528325275439352e-15 3.024352341148926065e-03 2.176182680842582151e-01 3.259577369218974512e-09 3.052320697917805921e-11 1.045474815874367587e-16 5.054246805005169482e-27 1.278690423434351618e-29 5.984308937070910306e-28 1.362855876239520749e-29 6.028325268566546451e-28 7.675158120029358377e-01 0.000000000000000000e+00
8.999999999999808153e-02 1.076874062616306446e+03 1.343219356088609413e-05 2.573019672309233910e-06 1.395436749264354852e-05 1.832286307492940643e-03 1.632155374368783073e-05 9.962105189638813946e-03 6.709681486040086969e-07 2.447844664886946528e-07 1.518353755454028677e-18 1.302155912837181973e-20 8.279662647167806225e-17 1.502826796664242292e-15 3.024394538385981757e-03 2.176182017842628047e-01 3.259686913488092459e-09 3.052560356531048017e-11 1.045606277049064377e-16 5.054069500859849507e-27 1.278672986513665191e-29 5.985211618295253714e-28 1.363251682920709326e-29 6.030419873090231057e-28 7.675158120029206277e-01 0.000000000000000000e+00
9.249999999999802824e-02 1.076866713881725673e+03 1.343213194482971911e-05 2.572946476011263416e-06 1.395407562675827770e-05 1.832309821560721211e-03 1.632061509692479966e-05 9.962106886271309900e-03 6.709894476486799142e-07 2.447832403717937295e-07 1.518481540003559658e-18 1.302235292658130668e-20 8.280722428994485981e-17 1.503122095133818099e-15 3.024436320326689791e-03 2.176181361367781619e-01 3.259795323538299078e-09 3.052797550183463608e-11 1.045736358141028050e-16 5.053894335840004996e-27 1.278655776543576376e-29 5.986105217200043364e-28 1.363643117074340217e-29 6.032490961636196920e-28 7.675158120029055286e-01 0.000000000000000000e+00
9.499999999999797495e-02 1.076859440967621595e+03 1.343207101653108670e-05 2.572874020204635279e-06 1.395378675129121589e-05 1.832333105153101513e-03 1.631968615479738259e-05 9.962108565053485673e-03 6.710105325749428784e-07 2.447820262252805250e-07 1.518607977790458701e-18 1.302313830518809080e-20 8.281771019952920274e-17 1.503414239033639804e-15 3.024477691888346770e-03 2.176180711340782725e-01 3.259902610499831875e-09 3.053032303284076590e-11 1.045865070862636087e-16 5.053721311970658144e-27 1.278638794686552212e-29 5.986989847300593540e-28 1.364030194540179229e-29 6.034538529246546939e-28 7.675158120028906517e-01 0.000000000000000000e+00
9.749999999999792166e-02 1.076852243138204130e+03 1.343201077202920655e-05 2.572802297198646938e-06 1.395350083688632211e-05 1.832356161046214387e-03 1.631876682273235196e-05 9.962110226138975316e-03 6.710314057016362564e-07 2.447808239268958389e-07 1.518733081091703942e-18 1.302391533805121831e-20 8.282808509817452268e-17 1.503703246060534313e-15 3.024518657966671076e-03 2.176180067684709840e-01 3.260008785368847756e-09 3.053264639958698434e-11 1.045992426744854216e-16 5.053550431997305725e-27 1.278622042176789125e-29 5.987865622004939601e-28 1.364412930252452361e-29 6.036562563118003130e-28 7.675158120028756636e-01 0.000000000000000000e+00
9.999999999999786837e-02 1.076845119668767211e+03 1.343195120750369071e-05 2.572731299397998001e-06 1.395321785469344581e-05 1.832378992004562871e-03 1.631785700761482360e-05 9.962111869678541912e-03 6.710520693257851816e-07 2.447796333556622435e-07 1.518856862010131122e-18 1.302468409776813699e-20 8.283834986728939484e-17 1.503989133258683000e-15 3.024559223435801560e-03 2.176179430322980335e-01 3.260113859007420545e-09 3.053494584049923016e-11 1.046118437137236285e-16 5.053381699385917657e-27 1.278605520320212926e-29 5.988732654613837979e-28 1.364791338239844405e-29 6.038563042601897662e-28 7.675158120028606756e-01 0.000000000000000000e+00
1.024999999999978151e-01 1.076838069845688779e+03 1.343189231927476042e-05 2.572661019302789821e-06 1.395293777636833364e-05 1.832401600781021281e-03 1.631695661778830082e-05 9.962113495820074105e-03 6.710725257226023124e-07 2.447784543918839776e-07 1.518979332474433396e-18 1.302544465567470217e-20 8.284850537194755022e-17 1.504271917019622300e-15 3.024599393148300584e-03 2.176178799179352696e-01 3.260217842143544292e-09 3.053722159117134373e-11 1.046243113207924514e-16 5.053215118322945610e-27 1.278589230494479930e-29 5.989591058320767079e-28 1.365165431625500344e-29 6.040539939204180029e-28 7.675158120028457986e-01 0.000000000000000000e+00
1.049999999999977618e-01 1.076831092966430788e+03 1.343183410380323078e-05 2.572591449508524222e-06 1.395266057407262097e-05 1.832423990116833915e-03 1.631606556305461675e-05 9.962115104708579166e-03 6.710927771454868797e-07 2.447772869171468412e-07 1.519100504239160565e-18 1.302619708184515716e-20 8.285855246088778942e-17 1.504551613082241933e-15 3.024639171935148817e-03 2.176178174177921809e-01 3.260320745371129137e-09 3.053947388436498946e-11 1.046366465943648630e-16 5.053050693715310094e-27 1.278573174148974721e-29 5.990440946211924582e-28 1.365535222627023395e-29 6.042493216585410774e-28 7.675158120028310327e-01 0.000000000000000000e+00
1.074999999999977085e-01 1.076824185870152178e+03 1.343177627857262435e-05 2.572522607644698683e-06 1.395238628442653554e-05 1.832446137046454425e-03 1.631518343611836495e-05 9.962116698928122002e-03 6.711128169938540680e-07 2.447761317818105563e-07 1.519220590891924857e-18 1.302694280997653364e-20 8.286851554468667484e-17 1.504829106284905323e-15 3.024678522990913426e-03 2.176177555896968985e-01 3.260422668615290452e-09 3.054170447634819571e-11 1.046488776511134820e-16 5.052886363562777547e-27 1.278557009418305261e-29 5.991282319042952502e-28 1.365903161164421324e-29 6.044437326197716314e-28 7.675158120028161557e-01 0.000000000000000000e+00
1.099999999999976552e-01 1.076817349195899624e+03 1.343171898946028685e-05 2.572454473172692081e-06 1.395211484643296816e-05 1.832468058017035478e-03 1.631431031990537538e-05 9.962118277313214768e-03 6.711326521965892399e-07 2.447749883530841249e-07 1.519339495904634245e-18 1.302768117834927503e-20 8.287838284137319466e-17 1.505103946344446393e-15 3.024717473338618852e-03 2.176176943911912187e-01 3.260523574399627895e-09 3.054391277868128941e-11 1.046609911077637099e-16 5.052723238966177085e-27 1.278540921369967087e-29 5.992115349647446563e-28 1.366267954672978261e-29 6.046364470855266668e-28 7.675158120028013897e-01 0.000000000000000000e+00
1.124999999999976019e-01 1.076810582781740095e+03 1.343166229069546305e-05 2.572387033850411767e-06 1.395184622063172007e-05 1.832489761014174500e-03 1.631344619404193408e-05 9.962119839498522963e-03 6.711522867562806249e-07 2.447738563176205725e-07 1.519457189005690767e-18 1.302841197282828718e-20 8.288815030638970742e-17 1.505375968345481155e-15 3.024756036294553273e-03 2.176176338013527112e-01 3.260623454534569500e-09 3.054609870203311354e-11 1.046729824538106664e-16 5.052561751801654651e-27 1.278524982219567433e-29 5.992940173846782824e-28 1.366629111625511373e-29 6.048271612457783265e-28 7.675158120027865127e-01 0.000000000000000000e+00
1.149999999999975486e-01 1.076803885917714524e+03 1.343160617345119044e-05 2.572320283177668882e-06 1.395158038254842308e-05 1.832511248194039748e-03 1.631259096748654107e-05 9.962121385668739129e-03 6.711717226539571276e-07 2.447727355824108109e-07 1.519573685487057722e-18 1.302913528704881731e-20 8.289781921732403458e-17 1.505645203645949638e-15 3.024794215731155950e-03 2.176175738140971039e-01 3.260722320952853213e-09 3.054826249982817500e-11 1.046848532820285154e-16 5.052401866521448188e-27 1.278509186506175837e-29 5.993756901945893166e-28 1.366986691729638641e-29 6.050158987106619361e-28 7.675158120027718578e-01 0.000000000000000000e+00
1.174999999999974953e-01 1.076797257903260743e+03 1.343155062885041294e-05 2.572254214766712685e-06 1.395131730825828602e-05 1.832532521683614491e-03 1.631174455043841670e-05 9.962122916007341497e-03 6.711909618428001735e-07 2.447716260563880516e-07 1.519689000604561800e-18 1.302985121431696371e-20 8.290739085153708921e-17 1.505911683545339447e-15 3.024832015470854066e-03 2.176175144234185899e-01 3.260820185514254684e-09 3.055040442370157573e-11 1.046966051855206717e-16 5.052243546885710427e-27 1.278493528605997326e-29 5.994565644065758665e-28 1.367340755453438619e-29 6.052026832960829855e-28 7.675158120027572028e-01 0.000000000000000000e+00
1.199999999999974420e-01 1.076790698047214391e+03 1.343149564796599624e-05 2.572188822342230978e-06 1.395105697438609638e-05 1.832553583580698526e-03 1.631090685433750839e-05 9.962124430696599198e-03 6.712100062481441335e-07 2.447705276504282821e-07 1.519803149577893469e-18 1.303055984760968170e-20 8.291686648616303612e-17 1.506175439284688723e-15 3.024869439286067066e-03 2.176174556233899937e-01 3.260917060005587273e-09 3.055252472349902570e-11 1.047082397577198381e-16 5.052086755962513188e-27 1.278478002732372694e-29 5.995366510143414078e-28 1.367691364025451559e-29 6.053875390237176666e-28 7.675158120027425479e-01 0.000000000000000000e+00
1.224999999999973888e-01 1.076784205667807328e+03 1.343144122182071413e-05 2.572124099741350948e-06 1.395079935810623393e-05 1.832574435953907531e-03 1.631007779186449742e-05 9.962125929917577463e-03 6.712288577674765346e-07 2.447694402773500538e-07 1.519916147590606972e-18 1.303126127957478820e-20 8.292624739810924265e-17 1.506436502046584760e-15 3.024906490899204482e-03 2.176173974081625773e-01 3.261012956140703699e-09 3.055462364727685579e-11 1.047197585923880048e-16 5.051931456127845951e-27 1.278462602935777662e-29 5.996159609931944255e-28 1.368038579434678565e-29 6.055704901210132325e-28 7.675158120027277819e-01 0.000000000000000000e+00
1.249999999999973355e-01 1.076777780092668991e+03 1.343138734138726048e-05 2.572060040913640022e-06 1.395054443714265711e-05 1.832595080842675016e-03 1.630925727694079218e-05 9.962127413850132424e-03 6.712475182704380605e-07 2.447683638519147472e-07 1.520028009790121485e-18 1.303195560253096174e-20 8.293553486405629094e-17 1.506694902955164399e-15 3.024943173982668539e-03 2.176173397719664282e-01 3.261107885560497283e-09 3.055670144130203074e-11 1.047311632836165116e-16 5.051777609065620153e-27 1.278447323103824560e-29 5.996945053000492211e-28 1.368382464430582998e-29 6.057515610211873694e-28 7.675158120027132380e-01 0.000000000000000000e+00
1.274999999999972822e-01 1.076771420658825718e+03 1.343133399758824408e-05 2.571996639921102047e-06 1.395029218976890984e-05 1.832615520257249503e-03 1.630844522472853488e-05 9.962128882672914576e-03 6.712659895988222341e-07 2.447672982908261482e-07 1.520138751287718996e-18 1.303264290846773635e-20 8.294473016045797793e-17 1.506950673076113836e-15 3.024979492158849821e-03 2.176172827091100159e-01 3.261201859832896986e-09 3.055875835005209743e-11 1.047424554258259247e-16 5.051625175767660586e-27 1.278432156961260643e-29 5.997722948734248365e-28 1.368723082523089633e-29 6.059307763632285553e-28 7.675158120026988051e-01 0.000000000000000000e+00
1.299999999999972289e-01 1.076765126712700749e+03 1.343128118129618357e-05 2.571933890938181532e-06 1.395004259480811642e-05 1.832635756178695391e-03 1.630764155163058808e-05 9.962130336563363581e-03 6.712842735665754169e-07 2.447662435127307127e-07 1.520248387158546042e-18 1.303332328904550169e-20 8.295383456354129076e-17 1.507203843416668811e-15 3.025015449000131168e-03 2.176172262139804137e-01 3.261294890452872785e-09 3.056079461621523660e-11 1.047536366137660978e-16 5.051474116533714719e-27 1.278417098069969216e-29 5.998493406334455918e-28 1.369060497982583540e-29 6.061081609918959706e-28 7.675158120026842612e-01 0.000000000000000000e+00
1.324999999999971756e-01 1.076758897610114445e+03 1.343122888333351255e-05 2.571871788251761526e-06 1.394979563163298494e-05 1.832655790558894047e-03 1.630684617529054817e-05 9.962131775697708261e-03 6.713023719597971273e-07 2.447651994382175136e-07 1.520356932441612357e-18 1.303399683559550895e-20 8.296284934930641903e-17 1.507454444925613828e-15 3.025051048028885511e-03 2.176171702810432984e-01 3.261386988842431122e-09 3.056281048069024347e-11 1.047647084425161970e-16 5.051324390971445527e-27 1.278402139828967947e-29 5.999256534818409957e-28 1.369394775839912325e-29 6.062837399577194083e-28 7.675158120026698283e-01 0.000000000000000000e+00
1.349999999999971223e-01 1.076752732716284527e+03 1.343117709447258971e-05 2.571810326261164467e-06 1.394955128016581232e-05 1.832675625320543799e-03 1.630605901459274203e-05 9.962133200250980480e-03 6.713202865367400399e-07 2.447641659898184528e-07 1.520464402139792799e-18 1.303466363911986943e-20 8.297177579352682880e-17 1.507702508493284710e-15 3.025086292717478476e-03 2.176171149048429232e-01 3.261478166350620283e-09 3.056480618258652123e-11 1.047756725074846889e-16 5.051175957996437942e-27 1.278387275474412238e-29 6.000012443019462840e-28 1.369725981886384728e-29 6.064575385169994531e-28 7.675158120026553954e-01 0.000000000000000000e+00
1.374999999999970690e-01 1.076746631405825383e+03 1.343112580543567515e-05 2.571749499478151335e-06 1.394930952087847250e-05 1.832695262357157771e-03 1.630527998966222700e-05 9.962134610396996062e-03 6.713380190278096686e-07 2.447631430920077846e-07 1.520570811219825236e-18 1.303532379029155299e-20 8.298061517174910233e-17 1.507948064951564663e-15 3.025121186488264474e-03 2.176170600800020893e-01 3.261568434253525017e-09 3.056678195922410048e-11 1.047865304044093152e-16 5.051028775832192406e-27 1.278372498079591292e-29 6.000761239587014325e-28 1.370054182673770904e-29 6.066295821318075716e-28 7.675158120026410735e-01 0.000000000000000000e+00
1.399999999999970157e-01 1.076740593062748303e+03 1.343107500689495066e-05 2.571689302526921227e-06 1.394907033479242489e-05 1.832714703533066267e-03 1.630450902186477737e-05 9.962136006308361727e-03 6.713555711355643662e-07 2.447621306712025923e-07 1.520676174612311692e-18 1.303597737945438204e-20 8.298936875929308600e-17 1.508191145073887424e-15 3.025155732713589313e-03 2.176170058012222019e-01 3.261657803754269439e-09 3.056873804613360691e-11 1.047972837293570932e-16 5.050882802010128446e-27 1.278357800554930643e-29 6.001503032986517853e-28 1.370379445514302145e-29 6.067998964699854840e-28 7.675158120026267516e-01 0.000000000000000000e+00
1.424999999999969624e-01 1.076734617080462158e+03 1.343102468947251131e-05 2.571629730144114324e-06 1.394883370347871267e-05 1.832733950683415472e-03 1.630374603380691480e-05 9.962137388156483767e-03 6.713729445347157477e-07 2.447611286557624174e-07 1.520780507211717972e-18 1.303662449662304510e-20 8.299803783125180403e-17 1.508431779575235690e-15 3.025189934715789754e-03 2.176169520632832144e-01 3.261746285983015367e-09 3.057067467705630002e-11 1.048079340787243404e-16 5.050737993369584687e-27 1.278343175647991031e-29 6.002237931499479646e-28 1.370701838480671155e-29 6.069685074051460612e-28 7.675158120026124298e-01 0.000000000000000000e+00
1.449999999999969091e-01 1.076728702861772717e+03 1.343097484374036200e-05 2.571570777178806383e-06 1.394859960905795602e-05 1.832753005614167667e-03 1.630299094933587112e-05 9.962138756111550697e-03 6.713901408721279497e-07 2.447601369759895243e-07 1.520883823876373463e-18 1.303726523148308171e-20 8.300662366249152011e-17 1.508669999112141705e-15 3.025223795767193521e-03 2.176168988610436283e-01 3.261833891996964395e-09 3.057259208394403444e-11 1.048184830492366497e-16 5.050594306057816687e-27 1.278328615943469245e-29 6.002966043223457815e-28 1.371021430406032336e-29 6.071354410166723382e-28 7.675158120025979969e-01 0.000000000000000000e+00
1.474999999999968558e-01 1.076722849818882423e+03 1.343092546022043445e-05 2.571512438592516784e-06 1.394836803420037414e-05 1.832771870102102530e-03 1.630224369353962558e-05 9.962140110342555810e-03 6.714071617668190063e-07 2.447591555641289536e-07 1.520986139428472676e-18 1.303789967339089905e-20 8.301512752765170042e-17 1.508905834282687851e-15 3.025257319090119724e-03 2.176168461894406325e-01 3.261920632780357894e-09 3.057449049695930507e-11 1.048289322379489757e-16 5.050451695530001251e-27 1.278314113863197840e-29 6.003687476072064150e-28 1.371338290884001782e-29 6.073007235897189494e-28 7.675158120025837860e-01 0.000000000000000000e+00
1.499999999999968026e-01 1.076717057373390844e+03 1.343087652938456514e-05 2.571454709459200062e-06 1.394813896212575645e-05 1.832790545894814535e-03 1.630150419274687095e-05 9.962141451017274621e-03 6.714240088099589439e-07 2.447581843543680451e-07 1.521087468654073129e-18 1.303852791137375683e-20 8.302355070114500130e-17 1.509139315626505275e-15 3.025290507856877135e-03 2.176167940434898807e-01 3.262006519244473697e-09 3.057637014447520191e-11 1.048392832422454746e-16 5.050310116549232122e-27 1.278299661666144017e-29 6.004402337774961432e-28 1.371652490268656165e-29 6.074643816152103341e-28 7.675158120025695752e-01 0.000000000000000000e+00
