0.000000000000000000e+00 1.267364173930219977e+03 1.120983779265238666e-04 1.362253571672180249e-06 1.802420700351023384e-06 1.898508037372445339e-03 3.961608796953702474e-05 1.463605005736154929e-01 1.103978692841223290e-06 1.469019971222000303e-07 5.427816759240153729e-08 7.746099585392076240e-10 5.140069720167472375e-06 4.462414249328761437e-05 1.378803415626894506e-03 1.254270472315505147e-01 1.040885199612871357e-08 3.025114894031545710e-06 3.251969027497199115e-10 6.005633422076415127e-06 1.738480869161310003e-08 2.915843330896530957e-06 1.219742200359093214e-08 7.340749174489756938e-07 7.247164704731413609e-01 0.000000000000000000e+00
2.499999999999946709e-03 1.267361920412982272e+03 1.120847287042831735e-04 1.356799147720922926e-06 1.792748245620784302e-06 1.898610800746740844e-03 3.946471356979052960e-05 1.463603716808598576e-01 1.103669242153234969e-06 1.459932508744365370e-07 5.418020061739051336e-08 7.731923750774882397e-10 5.150234581723202894e-06 4.476347513336979383e-05 1.377813650460941921e-03 1.254280486808135864e-01 1.038521381120921085e-08 3.029165937914679689e-06 3.257357663671336229e-10 6.023225857929515616e-06 1.742748121414796717e-08 2.935010626811741388e-06 1.224601689687348198e-08 7.396118388719866838e-07 7.247164704731410279e-01 0.000000000000000000e+00
4.999999999999893419e-03 1.267343066567005962e+03 1.121235998129721962e-04 1.349545250011915833e-06 1.779778728520971437e-06 1.900353128216220218e-03 3.924204281527336855e-05 1.463595145239371953e-01 1.104353304092966928e-06 1.446899196399748479e-07 5.407277598384788101e-08 7.716146978302310500e-10 5.168663167785524871e-06 4.501103380086492531e-05 1.377798084941265133e-03 1.254270115849847600e-01 1.036463347482357136e-08 3.038296282449137581e-06 3.271005214382758285e-10 6.075437910819154527e-06 1.753488363340034923e-08 2.970370717910072893e-06 1.234083291639789525e-08 7.489812283102503097e-07 7.247164704731405838e-01 0.000000000000000000e+00
7.499999999999840128e-03 1.267308611254301695e+03 1.122127259465219464e-04 1.341713942617736649e-06 1.765715114321205980e-06 1.903560425171710226e-03 3.898417301539524872e-05 1.463580191487925120e-01 1.105999038664056872e-06 1.432097549586233483e-07 5.397370779484274752e-08 7.701356396995296470e-10 5.192570572053240711e-06 4.533081182100732445e-05 1.378845038165482997e-03 1.254239476573178191e-01 1.035108985750409900e-08 3.051239493246480776e-06 3.291126124891190794e-10 6.155682687950683285e-06 1.769245050652019845e-08 3.016993025521229010e-06 1.246848619175542203e-08 7.608380175567674969e-07 7.247164704731400287e-01 0.000000000000000000e+00
9.999999999999786837e-03 1.267262510575968918e+03 1.123403841612383684e-04 1.334689548006360262e-06 1.753043708289033619e-06 1.907777522608156010e-03 3.873536058578230335e-05 1.463561002022884805e-01 1.108396181268092985e-06 1.418108938962823354e-07 5.390119422364136428e-08 7.690232221804936624e-10 5.218036106770363926e-06 4.567105467493847630e-05 1.380854429387910797e-03 1.254192401089822551e-01 1.034763419129226831e-08 3.065973913111505195e-06 3.314668056900963940e-10 6.251917693892782822e-06 1.787594446254605057e-08 3.067497689143191601e-06 1.260885181693854601e-08 7.732643228277177753e-07 7.247164704731392515e-01 0.000000000000000000e+00
1.249999999999973355e-02 1.267211176009603150e+03 1.124867698988145349e-04 1.329792791902483705e-06 1.744120803184126465e-06 1.912329255807106339e-03 3.854075263252544891e-05 1.463540695566024064e-01 1.111180850106383779e-06 1.407486810332111489e-07 5.387119873414256328e-08 7.685161163222653851e-10 5.240613045224575594e-06 4.597179128002159231e-05 1.383548236789965526e-03 1.254135953352044641e-01 1.035588482884441982e-08 3.080014009027675154e-06 3.337730471516876401e-10 6.348184961170356565e-06 1.805489164212052688e-08 3.113021088966612335e-06 1.273788177593059102e-08 7.840302693941793120e-07 7.247164704731386964e-01 0.000000000000000000e+00
1.499999999999968026e-02 1.267162560920500937e+03 1.126267815421020470e-04 1.328073127376133736e-06 1.740811653788249439e-06 1.916418061786598218e-03 3.843929482578946935e-05 1.463522906103608412e-01 1.113885331119733700e-06 1.402366823780250587e-07 5.389430171700716222e-08 7.687772262485244456e-10 5.256001448474371815e-06 4.617422277541464732e-05 1.386506065369068254e-03 1.254079459537924546e-01 1.037561600913205055e-08 3.090769663337009717e-06 3.356117313770535213e-10 6.426836052987738614e-06 1.819683466932945579e-08 3.144569396741305745e-06 1.283113277028855271e-08 7.909507795508406584e-07 7.247164704731379192e-01 0.000000000000000000e+00
1.749999999999962697e-02 1.267124924468858126e+03 1.127339606413705210e-04 1.330131446935218730e-06 1.744198433877589338e-06 1.919249729528859239e-03 3.845738063718393023e-05 1.463511182055392268e-01 1.116008732963359481e-06 1.404141943642253500e-07 5.397242708430955240e-08 7.698453778742557162e-10 5.260732533882083642e-06 4.623117701650923715e-05 1.389221104281143562e-03 1.254033155492259577e-01 1.040449519628056823e-08 3.095953813124679167e-06 3.365998367543792984e-10 6.471366747425814649e-06 1.827222136338158865e-08 3.154681386102377988e-06 1.286782083645394614e-08 7.923092943211007261e-07 7.247164704731371421e-01 0.000000000000000000e+00
1.999999999999957367e-02 1.267105389221283076e+03 1.127851830747945804e-04 1.335976713880084507e-06 1.754347092190430816e-06 1.920175922086672735e-03 3.860342851060857101e-05 1.463508309333355628e-01 1.117102771528961339e-06 1.413192137630076509e-07 5.409639055423004422e-08 7.715985711432721142e-10 5.252835234379098530e-06 4.611743820792688715e-05 1.391173656336111217e-03 1.254006545115959603e-01 1.043809252443329429e-08 3.094018100952334340e-06 3.364642765058762174e-10 6.469657010322977671e-06 1.825981880504761942e-08 3.139178532426825406e-06 1.283511807201616890e-08 7.872815638095522668e-07 7.247164704731361429e-01 0.000000000000000000e+00
2.249999999999952038e-02 1.267108461140405552e+03 1.127654907126582605e-04 1.344929731224436828e-06 1.770136566646298293e-06 1.918836202575273549e-03 3.886374540368009537e-05 1.463515664484885959e-01 1.116863370671034065e-06 1.428666756476419378e-07 5.424556312309201687e-08 7.737472099584501189e-10 5.232427394732121208e-06 4.583804125309778421e-05 1.391920099540109928e-03 1.254006590099831786e-01 1.047032804477113985e-08 3.084567862878639312e-06 3.351134604091752820e-10 6.417143843622710511e-06 1.815219343435665041e-08 3.098593533759012260e-06 1.273204471788395468e-08 7.762509387553052022e-07 7.247164704731355878e-01 0.000000000000000000e+00
2.499999999999946709e-02 1.267134766809985649e+03 1.126721758956009492e-04 1.355612561553047213e-06 1.789207494486239932e-06 1.915272907468803859e-03 3.920080432982858871e-05 1.463532741856068686e-01 1.115212643363957720e-06 1.448373817746949779e-07 5.439078895526667073e-08 7.758738030879685222e-10 5.202096320295814312e-06 4.543200877182948272e-05 1.391190330366077858e-03 1.254035961887614292e-01 1.049448249893999069e-08 3.068659651618012823e-06 3.326899242515575134e-10 6.319110057688830636e-06 1.796007747164607492e-08 3.038769299408523293e-06 1.257185801070477533e-08 7.608944836773401557e-07 7.247164704731349216e-01 0.000000000000000000e+00
2.749999999999941380e-02 1.267180363562971934e+03 1.125169649812153414e-04 1.366082943123192044e-06 1.808144385508789254e-06 1.909982395946636978e-03 3.955587595847961675e-05 1.463557019671587744e-01 1.112348430212287262e-06 1.468898561731029825e-07 5.450069713749874466e-08 7.775218094965225794e-10 5.166844773878603472e-06 4.496894498214354814e-05 1.388975395762703834e-03 1.254091774300875595e-01 1.050470068768076537e-08 3.048838574152546284e-06 3.295796751128145761e-10 6.191055112322572713e-06 1.771359779172776027e-08 2.970188049116634015e-06 1.238152190779528500e-08 7.439522442554611948e-07 7.247164704731346996e-01 0.000000000000000000e+00
2.999999999999936051e-02 1.267236960589188584e+03 1.123252977113018249e-04 1.374157697667089984e-06 1.823004297517452615e-06 1.903870165633486308e-03 3.985780832187029566e-05 1.463584272390915653e-01 1.108738804087794981e-06 1.486088821669260531e-07 5.454972573995284577e-08 7.783106183414603183e-10 5.133400592652767932e-06 4.453750923262583843e-05 1.385575580520086864e-03 1.254165322623692347e-01 1.049760357071571865e-08 3.028797731837084589e-06 3.263593924355187181e-10 6.056440494063143639e-06 1.745849948613914488e-08 2.906006401714207204e-06 1.219741300195901608e-08 7.287011718748919863e-07 7.247164704731345886e-01 0.000000000000000000e+00
3.249999999999930722e-02 1.267293215404906050e+03 1.121323156819464475e-04 1.377902202069950433e-06 1.830194571809553185e-06 1.898098306253016409e-03 4.003793656894464806e-05 1.463609319788224394e-01 1.105049765323602168e-06 1.495941163258024418e-07 5.452468855193953937e-08 7.780320984275419578e-10 5.108864639721075404e-06 4.422742536771283631e-05 1.381578484934525104e-03 1.254243239108476793e-01 1.047338637132786323e-08 3.012647986569710516e-06 3.236816338547542837e-10 5.941970937346781171e-06 1.724694145071626650e-08 2.859270745796707288e-06 1.205771440003147699e-08 7.182689797377403797e-07 7.247164704731345886e-01 0.000000000000000000e+00
3.499999999999925393e-02 1.267336928165982954e+03 1.119762063189981679e-04 1.376148786365951891e-06 1.827466086568585776e-06 1.893851960865506300e-03 4.004748390881369323e-05 1.463627047043463691e-01 1.102016331559886709e-06 1.495673045113144788e-07 5.442725858213316476e-08 7.766907915226088656e-10 5.099030131826688849e-06 4.410984422778043025e-05 1.377753324236744665e-03 1.254310057767874242e-01 1.043590889402816032e-08 3.003981323119131443e-06 3.221287941092496389e-10 5.871746989345625153e-06 1.712542882650902819e-08 2.840193390307423288e-06 1.199377852590219169e-08 7.149946358167370707e-07 7.247164704731343665e-01 0.000000000000000000e+00
3.749999999999920064e-02 1.267357564576939922e+03 1.118905801408203127e-04 1.368841374865992167e-06 1.814620245759019045e-06 1.892089373802695621e-03 3.987106709594137030e-05 1.463633426967941853e-01 1.100291269406865565e-06 1.484560183688812886e-07 5.427184537391663770e-08 7.744785353133468581e-10 5.106942573653790353e-06 4.422197539258613321e-05 1.374886483363801535e-03 1.254351517998401888e-01 1.039171523459568253e-08 3.005036201066433169e-06 3.220837290818680959e-10 5.862206709190690040e-06 1.712393053590677321e-08 2.854245616050191795e-06 1.202323855000574424e-08 7.200031353257550331e-07 7.247164704731342555e-01 0.000000000000000000e+00
3.999999999999914735e-02 1.267348447973822431e+03 1.118977086620919289e-04 1.357072345452969766e-06 1.793619369372738467e-06 1.893342333699031196e-03 3.953122181475545170e-05 1.463626314521802030e-01 1.100311708221971111e-06 1.464180264752985321e-07 5.408157095278140691e-08 7.717202232460790765e-10 5.132194865311271134e-06 4.455964470488686614e-05 1.373609066174977418e-03 1.254357638335295566e-01 1.034855744968483685e-08 3.016231997994526313e-06 3.236549091338802404e-10 5.919142071275355632e-06 1.724983499914743417e-08 2.901323042295769095e-06 1.214673294115674897e-08 7.330306029280992480e-07 7.247164704731335894e-01 0.000000000000000000e+00
4.249999999999909406e-02 1.267308104582422857e+03 1.120040481566292854e-04 1.342820949902480946e-06 1.768083578530557082e-06 1.897611470642119030e-03 3.908290800394485608e-05 1.463605880503507650e-01 1.102214239365047158e-06 1.437993032629039292e-07 5.388492514293433659e-08 7.688265912060999847e-10 5.171099688871403841e-06 4.507818361281453915e-05 1.374269839165100700e-03 1.254324704748840391e-01 1.031404029969335937e-08 3.036150692075167935e-06 3.266654959877375183e-10 6.037008433274196806e-06 1.748764672246088089e-08 2.975793606974602725e-06 1.234831101605308654e-08 7.524511440538758601e-07 7.247164704731331453e-01 0.000000000000000000e+00
4.499999999999904077e-02 1.267240616414939723e+03 1.121985742105872669e-04 1.328535310756657117e-06 1.742462845640841461e-06 1.904360066858174503e-03 3.860161658997278325e-05 1.463574673956534733e-01 1.105806993557653165e-06 1.410524954004795402e-07 5.371344006506420115e-08 7.662594675018991599e-10 5.217480708901491579e-06 4.569930398884051943e-05 1.376878733680416116e-03 1.254255887862751329e-01 1.029462942516631983e-08 3.061840712116313653e-06 3.306890106662215093e-10 6.199841923708803155e-06 1.780260698329714336e-08 3.067085280380168929e-06 1.259824318803985622e-08 7.754374723989820605e-07 7.247164704731322571e-01 0.000000000000000000e+00
4.749999999999898748e-02 1.267155109746132666e+03 1.124537915467389230e-04 1.316710824604082207e-06 1.721217935827122462e-06 1.912586352409432122e-03 3.816985057787549411e-05 1.463537352037414252e-01 1.110591365480827698e-06 1.386508886500058369e-07 5.359930442947925472e-08 7.644952689740771669e-10 5.263727217148091900e-06 4.632163319672423962e-05 1.381113246534534976e-03 1.254160711951762541e-01 1.029495678753707485e-08 3.089274031440937968e-06 3.351094852808172456e-10 6.383129317684640923e-06 1.814620657639195977e-08 3.160712196406723896e-06 1.285706908466312129e-08 7.982427665465573874e-07 7.247164704731317020e-01 0.000000000000000000e+00
4.999999999999893419e-02 1.267064571379804647e+03 1.127290881084475375e-04 1.309542848862712923e-06 1.708195955696987044e-06 1.920953646119035862e-03 3.786507261586267477e-05 1.463500108364251540e-01 1.115822768108069312e-06 1.370199734833789655e-07 5.357111997312119838e-08 7.639620597265630322e-10 5.301855697804209209e-06 4.683396923715278030e-05 1.386366192072930031e-03 1.254053749036957710e-01 1.031714735129550760e-08 3.113851935154265219e-06 3.391945687065241136e-10 6.556459368278428860e-06 1.846212438708301566e-08 3.239885997296204901e-06 1.308035351130895246e-08 8.166501482826453170e-07 7.247164704731308138e-01 0.000000000000000000e+00
5.249999999999888090e-02 1.266984125304122017e+03 1.129761568939215578e-04 1.308657422345212922e-06 1.706210752745276449e-06 1.927967358826870826e-03 3.774993424376957247e-05 1.463469814158039339e-01 1.120604272114698585e-06 1.364904884549693977e-07 5.364742650447467242e-08 7.649451560406222204e-10 5.324508143494973031e-06 4.713131988345957120e-05 1.391817016800547336e-03 1.253952800754773722e-01 1.036007795196137327e-08 3.130958076800991341e-06 3.421830353749028383e-10 6.687203673549603458e-06 1.869252574405074918e-08 3.287949371139984422e-06 1.322430535102878477e-08 8.266352756715301642e-07 7.247164704731299256e-01 0.000000000000000000e+00
5.499999999999882760e-02 1.266928841305576725e+03 1.131462240355828139e-04 1.314877445732473993e-06 1.716719533012110066e-06 1.932194779523211314e-03 3.786382752753197938e-05 1.463452905552329320e-01 1.124011509277494438e-06 1.372626642867495329e-07 5.382907821715263580e-08 7.674763958721399358e-10 5.325955005928024186e-06 4.713353708984262968e-05 1.396522080532485062e-03 1.253876633127151974e-01 1.041869199554690124e-08 3.136610543308266191e-06 3.433945915048714028e-10 6.745527146284681046e-06 1.878547006549982372e-08 3.291636515615521442e-06 1.325263369627718795e-08 8.252131058707275850e-07 7.247164704731290374e-01 0.000000000000000000e+00
5.749999999999877431e-02 1.266911114183367545e+03 1.131988006851142352e-04 1.327983112637466167e-06 1.739469000443352526e-06 1.932524882376688343e-03 3.821430651180971838e-05 1.463454088647776763e-01 1.125249798371830791e-06 1.393670904794308808e-07 5.409311385740553372e-08 7.712440238556260805e-10 5.303230568932337030e-06 4.680520198428906605e-05 1.399533709900109514e-03 1.253842158109134963e-01 1.048377401189733597e-08 3.128261901882529076e-06 3.423683036600676775e-10 6.710741715285734485e-06 1.870469903295062165e-08 3.244775864389482214e-06 1.314486697795176071e-08 8.113306042427612511e-07 7.247164704731279272e-01 0.000000000000000000e+00
5.999999999999872102e-02 1.266937840755027764e+03 1.131109875076669264e-04 1.346475858816792211e-06 1.772068440895664514e-06 1.928443272096860839e-03 3.876815579245094660e-05 1.463475071907177627e-01 1.123831921314740720e-06 1.426146839595072479e-07 5.439167631099924162e-08 7.755733048484356754e-10 5.257363927943659038e-06 4.617250491605013685e-05 1.400061076732850296e-03 1.253861049866665800e-01 1.054270320291586645e-08 3.105670439953806314e-06 3.390145783187132010e-10 6.578080170934221887e-06 1.844136766350645491e-08 3.151337673240891912e-06 1.290480183135524736e-08 7.865141881307830697e-07 7.247164704731278162e-01 0.000000000000000000e+00
6.249999999999866773e-02 1.267007921957007284e+03 1.128854035837280697e-04 1.367458867923337920e-06 1.809651757044249877e-06 1.920263857649374874e-03 3.944501049152070350e-05 1.463513669262093697e-01 1.119744140740715571e-06 1.465496525272130068e-07 5.465994528331305243e-08 7.795347356034584441e-10 5.194381663233354037e-06 4.533047428776815929e-05 1.397670230082205187e-03 1.253936162936370446e-01 1.058174993173312131e-08 3.071599174444841505e-06 3.337363174271114419e-10 6.363693827859686245e-06 1.802488244464251067e-08 3.026375160110499304e-06 1.256610340950264727e-08 7.549307359523452587e-07 7.247164704731271501e-01 0.000000000000000000e+00
6.499999999999861444e-02 1.267110958959039635e+03 1.125539372560338427e-04 1.386854246793321375e-06 1.845051592989653469e-06 1.909223644350059243e-03 4.012031369920362594e-05 1.463563689730914552e-01 1.113542749271563180e-06 1.504497595337245390e-07 5.483385590070498147e-08 7.821930413613507551e-10 5.125349984504131909e-06 4.443321339768317046e-05 1.392483404106419900e-03 1.254058754875739534e-01 1.058986159951083823e-08 3.031912181769703676e-06 3.274445636424135761e-10 6.104840148778171635e-06 1.752631730876998174e-08 2.893657875203026286e-06 1.219051531335637032e-08 7.226446725691694250e-07 7.247164704731260398e-01 0.000000000000000000e+00
6.749999999999856115e-02 1.267228123764426073e+03 1.121745648306203861e-04 1.400174384885146457e-06 1.870022894525624947e-06 1.897342235358638173e-03 4.064570254706566319e-05 1.463615896323968157e-01 1.106314865052933766e-06 1.534362836125984928e-07 5.487097888964007603e-08 7.829062882294430128e-10 5.064638210132443851e-06 4.366399102749719271e-05 1.385286569772563228e-03 1.254208127758919267e-01 1.056260663204945894e-08 2.994643062201777459e-06 3.214037157819215824e-10 5.852994124624765553e-06 1.704718457175959364e-08 2.780175452283995295e-06 1.185568070239532104e-08 6.962150115319198870e-07 7.247164704731252627e-01 0.000000000000000000e+00
6.999999999999850786e-02 1.267335758068190671e+03 1.118201903740835324e-04 1.403813910748287611e-06 1.877628967366665075e-06 1.887005395883993098e-03 4.088847196050802058e-05 1.463659971444424834e-01 1.099468291524630693e-06 1.547170962139663714e-07 5.476346936321030796e-08 7.815194565448447432e-10 5.026278417783518613e-06 4.319031650471770310e-05 1.377436974027235281e-03 1.254355152271401097e-01 1.050420151519789428e-08 2.967998815685626416e-06 3.169139627750298156e-10 5.660774095159857799e-06 1.669320197698764100e-08 2.709337679435771807e-06 1.163488795384642076e-08 6.810950739683064117e-07 7.247164704731247076e-01 0.000000000000000000e+00
7.249999999999845457e-02 1.267410668506902539e+03 1.115630354777302394e-04 1.396257054526543570e-06 1.864728946125870457e-06 1.880410734661706797e-03 4.077348385191533869e-05 1.463686740835598576e-01 1.094412593912037750e-06 1.538615888587228152e-07 5.453327383209145847e-08 7.783093934625005431e-10 5.019914396930967263e-06 4.312375803281909840e-05 1.370548529340374347e-03 1.254469087367366953e-01 1.042584146564794780e-08 2.958125624066989176e-06 3.149699488522619127e-10 5.568889572854780786e-06 1.654449433868072190e-08 2.696198224899813296e-06 1.157815909425117641e-08 6.806021644734266275e-07 7.247164704731242635e-01 0.000000000000000000e+00
7.499999999999840128e-02 1.267435354487756285e+03 1.114594073515131619e-04 1.378570414898846649e-06 1.833154052081383622e-06 1.879070352747204105e-03 4.030669609766582675e-05 1.463690004523004184e-01 1.092245180515595614e-06 1.509545462279421363e-07 5.421791183823739444e-08 7.737925512771646519e-10 5.048239926371746239e-06 4.349773250428998558e-05 1.366077456960175691e-03 1.254525131978830033e-01 1.034185927604894140e-08 2.967616818849482135e-06 3.160437366786814911e-10 5.598240231014176756e-06 1.663664747349063863e-08 2.745653765624186332e-06 1.170251401154836074e-08 6.955673275656092340e-07 7.247164704731237084e-01 0.000000000000000000e+00
7.749999999999834799e-02 1.267401432427078589e+03 1.115391258609084506e-04 1.353950898707096168e-06 1.788903766704945116e-06 1.883534696355311814e-03 3.956905252377507004e-05 1.463667551754209151e-01 1.093542494205093548e-06 1.465436148517921023e-07 5.385987176266975854e-08 7.685765135229509701e-10 5.106917171052087339e-06 4.426769652503237499e-05 1.364986819431968567e-03 1.254509713702477713e-01 1.026623270090339420e-08 2.995330356574257782e-06 3.200496330467962283e-10 5.748727724018632921e-06 1.695862683136438596e-08 2.853026215149834999e-06 1.199258129187636256e-08 7.244823311606721692e-07 7.247164704731230422e-01 0.000000000000000000e+00
7.999999999999829470e-02 1.267310731957139524e+03 1.118009066825094064e-04 1.326740470201145329e-06 1.740115832141966019e-06 1.893353964017617866e-03 3.868963183861937017e-05 1.463621428159885274e-01 1.098287514282097499e-06 1.414427313128147549e-07 5.350527011625678249e-08 7.633367376731427232e-10 5.186347252983847926e-06 4.532462047173898537e-05 1.367600917533968140e-03 1.254422210561461082e-01 1.021092264347935069e-08 3.037127087184639001e-06 3.264344451065444603e-10 6.001885274591239824e-06 1.746216133275584396e-08 3.005239782014609769e-06 1.240714129522507864e-08 7.637529870865773840e-07 7.247164704731224871e-01 0.000000000000000000e+00
8.249999999999824141e-02 1.267174616811938677e+03 1.122127244437333708e-04 1.301476489930372625e-06 1.695071372964516627e-06 1.907193269631605190e-03 3.781516201323318162e-05 1.463557690389795107e-01 1.105898573894820516e-06 1.365207519882588089e-07 5.320678334927999305e-08 7.588518806677735202e-10 5.273957676296245563e-06 4.651173202561033739e-05 1.373628825138016292e-03 1.254273898942285248e-01 1.018554039947125963e-08 3.086851568666466811e-06 3.342984218172408595e-10 6.324047600203712075e-06 1.807391158207575567e-08 3.181708700084052532e-06 1.288645193729453029e-08 8.079018461713322669e-07 7.247164704731220430e-01 0.000000000000000000e+00
8.499999999999818812e-02 1.267012341411593070e+03 1.127156331552638216e-04 1.282269239535217778e-06 1.660958537531794712e-06 1.923015550860180311e-03 3.708711252351888307e-05 1.463485801248227969e-01 1.115310353930666131e-06 1.325596547351518653e-07 5.302292254265080997e-08 7.559881958342191086e-10 5.356102457184951520e-06 4.764083545502061258e-05 1.382269584639443834e-03 1.254085658753474886e-01 1.019705531525526986e-08 3.137114878225601691e-06 3.424951961684816972e-10 6.668982558223614640e-06 1.870521139783478423e-08 3.355274148828827787e-06 1.335842588605752800e-08 8.498561477389599744e-07 7.247164704731218210e-01 0.000000000000000000e+00
8.749999999999813483e-02 1.266848893448810713e+03 1.132301447690128160e-04 1.272479963653967610e-06 1.643391781008608557e-06 1.938298475840591947e-03 3.662814391854051237e-05 1.463417660346117144e-01 1.125083141842433954e-06 1.301933737077540853e-07 5.300962652086998317e-08 7.555768577556922825e-10 5.419366068106663780e-06 4.851077127164445259e-05 1.392324960143378988e-03 1.253885465538127353e-01 1.024877159041622882e-08 3.179858261138009552e-06 3.497158150458171493e-10 6.980854357163872785e-06 1.925854375845665775e-08 3.494247915502200539e-06 1.374419929568711786e-08 8.816012144530352703e-07 7.247164704731218210e-01 0.000000000000000000e+00
8.999999999999808153e-02 1.266712236281385003e+03 1.136654395451346680e-04 1.274527187057038436e-06 1.646310944725237563e-06 1.950306719990921875e-03 3.653402343237532944e-05 1.463366134108638750e-01 1.133547221002978075e-06 1.298942706839224447e-07 5.320491865175683270e-08 7.581942187542355219e-10 5.451576119445618859e-06 4.893284074008214538e-05 1.402297133119185212e-03 1.253705773375926869e-01 1.033854276065530535e-08 3.206978021938410182e-06 3.545944075946917090e-10 7.199332260751964053e-06 1.963348797813425597e-08 3.566756817706522296e-06 1.396542038641417517e-08 8.954435922071133034e-07 7.247164704731218210e-01 0.000000000000000000e+00
9.249999999999802824e-02 1.266629797682236585e+03 1.139316616836434144e-04 1.289650558399358588e-06 1.671857009772941751e-06 1.956443438268195591e-03 3.686594362020606866e-05 1.463343044999918241e-01 1.138998647771710420e-06 1.319651719841307511e-07 5.360961153973435049e-08 7.638859937946095409e-10 5.442949271009365346e-06 4.876486979004532931e-05 1.410482895255239311e-03 1.253580488622052513e-01 1.045660462225576450e-08 3.211270505333665456e-06 3.558752109655143988e-10 7.268281931165320643e-06 1.973547748117805710e-08 3.547643237443185173e-06 1.395527402953408959e-08 8.858630022688592723e-07 7.247164704731215989e-01 0.000000000000000000e+00
9.499999999999797495e-02 1.266623761575494655e+03 1.139562294484461010e-04 1.317436729587456964e-06 1.719749986400137815e-06 1.954727217784528980e-03 3.763604180396061950e-05 1.463356598619922622e-01 1.139982802985237987e-06 1.364806224475490433e-07 5.416947628358023802e-08 7.719097420077538292e-10 5.388085598152790961e-06 4.795329245229472826e-05 1.415127747898602172e-03 1.253540523531683215e-01 1.058399195568556366e-08 3.188003353123364419e-06 3.526905433508463392e-10 7.149090498889377740e-06 1.949374778017161522e-08 3.427272137140152857e-06 1.367595242391603405e-08 8.516328332872535585e-07 7.247164704731208218e-01 0.000000000000000000e+00
9.749999999999792166e-02 1.266705255846418368e+03 1.137031975697998677e-04 1.355055684760330575e-06 1.785908423208149962e-06 1.944378352702895180e-03 3.878242656162343488e-05 1.463408621161413625e-01 1.135669215109190609e-06 1.431386551413716663e-07 5.476908216507863352e-08 7.806378748944876842e-10 5.289123792671497877e-06 4.657406633393797456e-05 1.414713999069650311e-03 1.253607167100759257e-01 1.069324270374780296e-08 3.137070276922533402e-06 3.449416705889273618e-10 6.837411773077603675e-06 1.889136414300520489e-08 3.219266858530701384e-06 1.314107663423699359e-08 7.973934004881345729e-07 7.247164704731198226e-01 0.000000000000000000e+00
9.999999999999786837e-02 1.266868451647916572e+03 1.131914467644086519e-04 1.396475165941616358e-06 1.860582567550718372e-06 1.926392334593658197e-03 4.013913698131375303e-05 1.463492494878050609e-01 1.126252161648425023e-06 1.510383965216713524e-07 5.525344376985760899e-08 7.878504254998639567e-10 5.159333183837974435e-06 4.485361291966751983e-05 1.408434711797449182e-03 1.253783392086816884e-01 1.075392037497408002e-08 3.065126572770723250e-06 3.336616148940489909e-10 6.377290976701863569e-06 1.800051827541450193e-08 2.962364836335903334e-06 1.243375518817545521e-08 7.335603276516196212e-07 7.247164704731182683e-01 0.000000000000000000e+00
1.024999999999978151e-01 1.267087278665478152e+03 1.125026826654600511e-04 1.432585131908227913e-06 1.927701947660374155e-06 1.903792993929932136e-03 4.142844720951535442e-05 1.463593198550302843e-01 1.113191273524761041e-06 1.585574134613007317e-07 5.548623647979172183e-08 7.915502279216564045e-10 5.024255560703169543e-06 4.314236168910799999e-05 1.396761273991450241e-03 1.254045967981465559e-01 1.074398600121509089e-08 2.986136397025814901e-06 3.210735451308622286e-10 5.860931086948136892e-06 1.699648806119787782e-08 2.711900907637015613e-06 1.170162241262442048e-08 6.738135451884231325e-07 7.247164704731169360e-01 0.000000000000000000e+00
1.049999999999977618e-01 1.267318478611043929e+03 1.117692814687339879e-04 1.453429619340868193e-06 1.968290735814637984e-06 1.881172883337327946e-03 4.231746327142937159e-05 1.463690470083362505e-01 1.099040915655000900e-06 1.636509056677745576e-07 5.541598496017372502e-08 7.909110665404480115e-10 4.916465835997149324e-06 4.182579024543798922e-05 1.381752409163551328e-03 1.254344732524027561e-01 1.066171545706920883e-08 2.918429484717428114e-06 3.100604998660354803e-10 5.404413909756545089e-06 1.611763393182943341e-08 2.522409100267718908e-06 1.111579532479950608e-08 6.308960487035509945e-07 7.247164704731176021e-01 0.000000000000000000e+00
1.074999999999977085e-01 1.267512296479746510e+03 1.111417223122344102e-04 1.452278220543376539e-06 1.968442047224177676e-06 1.863456820333853460e-03 4.254310295758104149e-05 1.463764189317295628e-01 1.086793681926875085e-06 1.646743476491278789e-07 5.508928870400698419e-08 7.865001348110045379e-10 4.864020879707919188e-06 4.120393637124844771e-05 1.366665953829381778e-03 1.254614389765228710e-01 1.052744778411640115e-08 2.878443147369896925e-06 3.031745182698773770e-10 5.107980427085122037e-06 1.557730560510872298e-08 2.431247979789865625e-06 1.081073780496233834e-08 6.131076404170593076e-07 7.247164704731170470e-01 0.000000000000000000e+00
1.099999999999976552e-01 1.267626444567001272e+03 1.107502311749112401e-04 1.428720145764723680e-06 1.926466757064441109e-06 1.854472463459797688e-03 4.202642203521893353e-05 1.463799236331868314e-01 1.079033097851643830e-06 1.611986675085429076e-07 5.459371689957648000e-08 7.795057918580200110e-10 4.879857748100370975e-06 4.141089718003546246e-05 1.354885433449817822e-03 1.254795133950762365e-01 1.037171516852002916e-08 2.874966654416135806e-06 3.018256085948965391e-10 5.027683220141440804e-06 1.548870038373276307e-08 2.453296970249371263e-06 1.084606061450205880e-08 6.234465349885305036e-07 7.247164704731167140e-01 0.000000000000000000e+00
1.124999999999976019e-01 1.267635837152643489e+03 1.106785051906993591e-04 1.388187446573730029e-06 1.852767452197828735e-06 1.856134714207470894e-03 4.088478387830263094e-05 1.463787772566605971e-01 1.077356655836773098e-06 1.541030900068041321e-07 5.399968742385722898e-08 7.709244223447990637e-10 4.959770510728204706e-06 4.241552178987099470e-05 1.348853980507815683e-03 1.254849315868032389e-01 1.022175043254644888e-08 2.907884473795923869e-06 3.061566598860307096e-10 5.174131286885904484e-06 1.585349108689086064e-08 2.585775361283370390e-06 1.120979938148020169e-08 6.608397589683759251e-07 7.247164704731164919e-01 0.000000000000000000e+00
1.149999999999975486e-01 1.267535200166995992e+03 1.109538740741572709e-04 1.339027868066854711e-06 1.763799122348565012e-06 1.868400069775322985e-03 3.935686168008830569e-05 1.463729443102278760e-01 1.082222314702238636e-06 1.450103229893215415e-07 5.335694772380750622e-08 7.614971539738989417e-10 5.087571737729529647e-06 4.406768649122458755e-05 1.349621379377129388e-03 1.254766426026484305e-01 1.009728176962089023e-08 2.970735438966175973e-06 3.153929851253990236e-10 5.525808482193217274e-06 1.659584207448730755e-08 2.814233067428428288e-06 1.184199510027705044e-08 7.213652987143444918e-07 7.247164704731158258e-01 0.000000000000000000e+00
1.174999999999974953e-01 1.267336720101999390e+03 1.115490780786425491e-04 1.289699331665820753e-06 1.675799649583283624e-06 1.889635155760971364e-03 3.771354145129357353e-05 1.463630722383001403e-01 1.093075637004989229e-06 1.356252404267890075e-07 5.272360945941186440e-08 7.521019922910884561e-10 5.241754963538543277e-06 4.614167125587913921e-05 1.356992538675452775e-03 1.254558881183875929e-01 1.001320251997941951e-08 3.053909067318279894e-06 3.282325236057081761e-10 6.040222171070431060e-06 1.760060185431969884e-08 3.114524430003277907e-06 1.265526283982402914e-08 7.985014729392380979e-07 7.247164704731153817e-01 0.000000000000000000e+00
1.199999999999974420e-01 1.267066419585726180e+03 1.123888913687685594e-04 1.247414917266783952e-06 1.601703581002720904e-06 1.917002882940002694e-03 3.620387999753221293e-05 1.463504186511111749e-01 1.108544048409115609e-06 1.273635851688173770e-07 5.218805820640586456e-08 7.440511305153736382e-10 5.399898233832256043e-06 4.835672114439534786e-05 1.369900363573770550e-03 1.254255403629500609e-01 9.982747153197242085e-09 3.146432465936792592e-06 3.430506249357976654e-10 6.657044548505501838e-06 1.873581409923165686e-08 3.451190546443414863e-06 1.354475010478695006e-08 8.826434015169695359e-07 7.247164704731148266e-01 0.000000000000000000e+00
1.224999999999973888e-01 1.266761077555660904e+03 1.133579612170687823e-04 1.217914219697657664e-06 1.550811039055396337e-06 1.946739264338543307e-03 3.503632064435814608e-05 1.463367726717385575e-01 1.126592286177383429e-06 1.212709154118423848e-07 5.186656726197607545e-08 7.390510253221801926e-10 5.540552306808016432e-06 5.038625784488490363e-05 1.386710452857522298e-03 1.253896024656277197e-01 1.001775876678920131e-08 3.236362140047319427e-06 3.579475551206998228e-10 7.297034937799928356e-06 1.986047890280838666e-08 3.775570288250769727e-06 1.439129994855223056e-08 9.607913801450508379e-07 7.247164704731143825e-01 0.000000000000000000e+00
1.249999999999973355e-01 1.266465614457872334e+03 1.143096488708895476e-04 1.205695168001038672e-06 1.529727698381448835e-06 1.974379612647685252e-03 3.437966816802289470e-05 1.463243328384594699e-01 1.144638835226496789e-06 1.181019626031265961e-07 5.188009441485694035e-08 7.388726011449650559e-10 5.643531449359323546e-06 5.187432981340169214e-05 1.405364613260468758e-03 1.253529310618522186e-01 1.012598026407437255e-08 3.310609682469582659e-06 3.707386088490914138e-10 7.861938787036669164e-06 2.082293528482107509e-08 4.027176612519928760e-06 1.506273834227004590e-08 1.017332258549900886e-06 7.247164704731142715e-01 0.000000000000000000e+00
1.274999999999972822e-01 1.266229975123814256e+03 1.150780023100615100e-04 1.214271800957791132e-06 1.543525975202092124e-06 1.995053615133504134e-03 3.437097415396381912e-05 1.463154925306507370e-01 1.159687915355978074e-06 1.184542235669206585e-07 5.231818985571193442e-08 7.448422314115513435e-10 5.689586773738343270e-06 5.247298590861490850e-05 1.423389386728924656e-03 1.253210736718702312e-01 1.030633734378032866e-08 3.354987694422747898e-06 3.789872580989830252e-10 8.239370531169820135e-06 2.145534283153512196e-08 4.141283076993216935e-06 1.541803608201546501e-08 1.036570402845495529e-06 7.247164704731142715e-01 0.000000000000000000e+00
1.299999999999972289e-01 1.266104307304896565e+03 1.154962816068902523e-04 1.246129524492969121e-06 1.596406671186053150e-06 2.003977029973886322e-03 3.511876550894605254e-05 1.463124883190127790e-01 1.168579629666736509e-06 1.228726789127525804e-07 5.319424396167902320e-08 7.572105939884720317e-10 5.660687106397318054e-06 5.190728774491934564e-05 1.437850109414458245e-03 1.253000515589266506e-01 1.054279548446835869e-08 3.355495477256576339e-06 3.802097599834203425e-10 8.316603307040347094e-06 2.157455636532755384e-08 4.064559247188301449e-06 1.532189609956426917e-08 1.007070143557004916e-06 7.247164704731136053e-01 0.000000000000000000e+00
1.324999999999971756e-01 1.266130928696956971e+03 1.154265838909786468e-04 1.301856650447101533e-06 1.690860727989515461e-06 1.997296781649584435e-03 3.668314083710781220e-05 1.463168748196500835e-01 1.168460548307634688e-06 1.318040805762063179e-07 5.439123311905630272e-08 7.743803684512365090e-10 5.543112179623432924e-06 5.006975144394564681e-05 1.445402219944664189e-03 1.252958227520799273e-01 1.079757949201274907e-08 3.301234495104211021e-06 3.724257262315458979e-10 8.008703754157005960e-06 2.101033019140052471e-08 3.778150207028810551e-06 1.468200800208407125e-08 9.272667904150133416e-07 7.247164704731131613e-01 0.000000000000000000e+00
1.349999999999971223e-01 1.266331457182816621e+03 1.148041289508079654e-04 1.377644040766542408e-06 1.823474040178342628e-06 1.973454233708358142e-03 3.900264689882909067e-05 1.463288413391127807e-01 1.157653574313580161e-06 1.451768001848073088e-07 5.561781638840366550e-08 7.922608253279650840e-10 5.336259072935325784e-06 4.713507649766667608e-05 1.442735273809285686e-03 1.253129881426180425e-01 1.100700216381002559e-08 3.190605473351585850e-06 3.552369729863852113e-10 7.305312780616057597e-06 1.968944067834226256e-08 3.321345028472490372e-06 1.351891856979518959e-08 8.102338049973494305e-07 7.247164704731128282e-01 0.000000000000000000e+00
1.374999999999970690e-01 1.266689840661584412e+03 1.136891621330009017e-04 1.461112639240041173e-06 1.975991698997844165e-06 1.934945420062781632e-03 4.175445282533000833e-05 1.463465892714957695e-01 1.136830839510233188e-06 1.614029469418841686e-07 5.645417415568343779e-08 8.048626564287613496e-10 5.067678821605042336e-06 4.364671859721144787e-05 1.427824026018612025e-03 1.253523356491876017e-01 1.109349319117234557e-08 3.038715806571410724e-06 3.312034692551775255e-10 6.322954932255557312e-06 1.777754652332088314e-08 2.798448807200418459e-06 1.204180288602037759e-08 6.831869922011455616e-07 7.247164704731121621e-01 0.000000000000000000e+00
1.399999999999970157e-01 1.267140471554747137e+03 1.122918262747073459e-04 1.529345642132561808e-06 2.107544160461357075e-06 1.889366467718715066e-03 4.425186678473234849e-05 1.463663662305531854e-01 1.109840966609957638e-06 1.763744929496261863e-07 5.658985347509150440e-08 8.076135048141486116e-10 4.802313637454351839e-06 4.045171353648954027e-05 1.401970201926667223e-03 1.254078970246738645e-01 1.100861426027512487e-08 2.881624899614398605e-06 3.062335884272355443e-10 5.308646734639695161e-06 1.575704484500313293e-08 2.345301920155229793e-06 1.063861416734615985e-08 5.780949918786363386e-07 7.247164704731118290e-01 0.000000000000000000e+00
1.424999999999969624e-01 1.267579445693472735e+03 1.109219863468502692e-04 1.557283264474493207e-06 2.166944867853235108e-06 1.847707778014988020e-03 4.564787832836287294e-05 1.463836699224115301e-01 1.082964213288780783e-06 1.845219593004431684e-07 5.609284796814467501e-08 8.012157500325300562e-10 4.621705604585865312e-06 3.838269740533714700e-05 1.371001277729162748e-03 1.254666094751458461e-01 1.078049433784248565e-08 2.764881342049400514e-06 2.873335240903922003e-10 4.535924773771662292e-06 1.423806516228693744e-08 2.065047818499444247e-06 9.700199596267134012e-09 5.173375062338402845e-07 7.247164704731113849e-01 0.000000000000000000e+00
1.449999999999969091e-01 1.267903065965173937e+03 1.098786228532427445e-04 1.534424159527709305e-06 2.128450300295397824e-06 1.819867196765538294e-03 4.545643382094079286e-05 1.463949110164690925e-01 1.062452597315534264e-06 1.825575218014419502e-07 5.528875610616655501e-08 7.900942050498055008e-10 4.577491087683537134e-06 3.788051937864739309e-05 1.343213101474928289e-03 1.255133647208930003e-01 1.049270555398771498e-08 2.718882823524394684e-06 2.789004040283547061e-10 4.163644892209447574e-06 1.359899875205497834e-08 1.992539955338700705e-06 9.418688347267450787e-09 5.076037525494737378e-07 7.247164704731110518e-01 0.000000000000000000e+00
1.474999999999968558e-01 1.268044808614209614e+03 1.093654899289410925e-04 1.470549218072503021e-06 2.009698514672470375e-06 1.811147315676142925e-03 4.382304590831151886e-05 1.463981539585825220e-01 1.052352306220216149e-06 1.716962476418613713e-07 5.438790185293714599e-08 7.772029927514404761e-10 4.669036296928043234e-06 3.892519396917533419e-05 1.325205753835274457e-03 1.255378272344475632e-01 1.021447565658079245e-08 2.746591465671149467e-06 2.814797750903109326e-10 4.210092437669569514e-06 1.386512863932770670e-08 2.116336381343679500e-06 9.773487463013430327e-09 5.458819968834187855e-07 7.247164704731106077e-01 0.000000000000000000e+00
1.499999999999968026e-01 1.267984116337495834e+03 1.094717447346376158e-04 1.384969124662807191e-06 1.850824479898870617e-06 1.822223305436667480e-03 4.127543949782164738e-05 1.463928956597732589e-01 1.054068679253850679e-06 1.558237097849404918e-07 5.340093334803973478e-08 7.627739119423343212e-10 4.862180216446402485e-06 4.124738533774883098e-05 1.319730739189023871e-03 1.255367870922778351e-01 9.975562029759214318e-09 2.833447761035288857e-06 2.933768935276602274e-10 4.626635826129590147e-06 1.486368044896767843e-08 2.413410324375226087e-06 1.064467995446472563e-08 6.268595146464210025e-07 7.247164704731102747e-01 0.000000000000000000e+00
